Epoch	AverageEpRet	StdEpRet	MaxEpRet	MinEpRet	EpLen	AverageVVals	StdVVals	MaxVVals	MinVVals	TotalEnvInteracts	LossPi	LossV	DeltaLossPi	DeltaLossV	Entropy	KL	ClipFrac	StopIter	Time
1	-200.54242	134.57527	62.877693	-522.7957	91.61972	-0.10366953	0.20839554	-0.020610785	-0.41896957	20000	-3.3527612e-09	15262.362	-0.0011911383	-2922.2246	1.3827085	0.009441774	0.08535	79.0	5.816054582595825
2	-150.92815	79.180855	100.67833	-434.6569	97.9	-12.562726	53.37114	-2.2646384	-54.201077	40000	-2.2351743e-09	6734.013	-0.0011197601	-4255.6514	1.3822467	0.010563301	0.1094	79.0	12.535447597503662
3	-111.52099	83.690956	37.586147	-339.56042	95.20588	-69.964264	71.34192	-17.185898	-164.89969	60000	0.0	1722.8766	-0.0015420502	-173.3855	1.373009	0.009627987	0.100099996	79.0	18.99921417236328
4	-95.60958	36.41389	43.66905	-351.65326	101.49215	-59.182808	24.819983	-18.335516	-105.87498	80000	2.9802323e-09	1078.0261	-0.0037587092	-117.062096	1.3527181	0.012158143	0.15525	79.0	24.701385974884033
5	-71.78616	38.824726	47.855618	-351.2171	112.58046	-50.93063	19.33872	-25.25699	-125.59987	100000	3.7252904e-10	1112.8015	-0.003423789	-226.75801	1.3147414	0.0123871565	0.1872	79.0	30.47063684463501
6	-54.7182	33.591133	38.195255	-218.4853	134.97183	-37.135937	7.43541	-19.544405	-99.044304	120000	-4.842877e-09	998.0168	-0.004464221	-168.72751	1.2662525	0.013587286	0.1866	79.0	36.10130524635315
7	-41.812958	36.936867	29.677858	-234.42548	165.85345	-29.044672	52.981632	-11.436481	-107.600266	140000	-2.0489097e-09	1216.9641	-0.0039017808	-199.41423	1.2096599	0.016165769	0.19694999	79.0	41.64318633079529
8	-35.184948	59.756577	51.47846	-318.0809	307.8	-33.972282	245.39438	-5.596578	-133.20131	160000	2.2351743e-09	2207.4915	-0.0019497402	-983.1678	1.1930587	0.0098488955	0.120950006	79.0	49.02760195732117
9	-71.72937	101.46556	52.585323	-261.4815	400.3095	-10.6983595	93.143135	-1.695235	-66.80294	180000	-7.4505807e-10	1169.344	-0.0013557877	-55.779186	1.1416727	0.0069437353	0.067999996	79.0	56.463119983673096
10	-55.925606	77.818954	118.018875	-253.22914	533.875	-13.804482	159.3915	-2.0778208	-77.68047	200000	1.8626452e-10	1127.065	-0.0012121848	-70.28618	1.1535375	0.007752734	0.0816	79.0	64.09662175178528
11	-23.569845	70.042656	86.3478	-264.5645	839.619	-9.726425	84.39222	-1.0394492	-60.580936	220000	5.122274e-10	699.52527	-0.0019701314	-37.276844	1.1340115	0.007310682	0.1105	79.0	73.06917977333069
12	32.87397	38.846275	104.41834	-60.402836	902.35	-6.1667876	91.56051	1.857761	-30.65747	240000	-1.1175871e-09	376.74332	-0.0020901186	-51.540447	1.1476717	0.0045067407	0.0781	79.0	81.83671975135803
13	7.8619094	106.239044	125.45894	-307.7999	950.05	-0.7074076	64.50048	7.7810736	-45.027836	260000	7.4505807e-10	490.7199	-0.0009908911	-17.922634	1.1305192	0.0053350828	0.046350002	79.0	91.113272190094
14	16.537382	33.628716	116.55021	-112.72429	963.7	1.161355	71.200554	10.152044	-34.167805	280000	-2.2351743e-09	246.59712	-0.0018513441	-8.821526	1.093243	0.0075450675	0.092	79.0	100.37584042549133
15	46.805656	55.704914	114.75332	-83.709045	967.3	0.22314213	54.36719	7.503251	-21.580511	300000	0.0	189.6732	-0.0008700507	-5.4253707	1.0967209	0.0048182737	0.03705	79.0	109.48798823356628
16	33.030815	16.3801	97.33615	-15.117635	1000.0	2.7177577	30.25545	8.798628	-15.340249	320000	1.4901161e-09	112.35368	-0.003304361	-6.684289	1.0729297	0.0055131563	0.081599995	79.0	119.1064076423645
17	19.01778	69.31851	107.60678	-128.3081	970.15	0.99602264	36.045612	6.6379824	-19.487017	340000	3.7252904e-10	228.29614	-0.0009092303	-10.325407	1.0573009	0.0039746924	0.04065	79.0	128.15671491622925
18	32.318493	48.601967	131.57153	-115.64956	992.5	0.644804	27.72186	5.913812	-16.18667	360000	-3.7252904e-10	136.82748	-0.0008455773	-3.5639672	1.0546526	0.005526717	0.04185	79.0	137.5346338748932
19	37.267097	33.04644	89.0252	-58.73423	1000.0	1.0408127	32.470963	6.8809295	-13.177855	380000	-2.2351743e-09	97.28589	-0.0016445566	-2.5182514	1.0393227	0.0053553237	0.0474	79.0	147.67971324920654
20	45.938538	21.624249	84.75391	0.5410175	1000.0	1.3874611	31.623894	7.6219587	-11.514662	400000	2.7939677e-09	75.892075	-0.001985699	-3.148518	1.037743	0.0045901737	0.042749997	79.0	157.77938556671143
21	18.829525	33.345066	94.86054	-62.458584	996.4	2.8711972	42.865498	10.381999	-5.831045	420000	-7.4505807e-10	118.7608	-0.0012229446	-17.680634	1.0216118	0.0025510779	0.024400001	79.0	168.13244533538818
22	11.483599	61.812767	87.45981	-148.20052	1000.0	0.26267982	44.058506	16.187912	-12.621681	440000	-9.313226e-11	125.32976	-0.00073640887	-13.493932	0.9964014	0.004292223	0.0275	79.0	177.3273515701294
23	-2.604631	49.561775	73.77921	-110.828255	1000.0	0.44403487	81.663216	9.968585	-9.857178	460000	0.0	83.84894	-0.00105066	-7.0054345	1.0137985	0.006088462	0.08275	79.0	186.79635524749756
24	33.496662	39.221905	107.18576	-38.147263	1000.0	-1.0345421	75.88041	17.47612	-6.8788395	480000	-1.3038516e-09	93.8921	-0.00072670274	-12.338264	1.0038042	0.004223707	0.016150001	79.0	196.22565841674805
25	7.19405	52.64138	110.08686	-124.90073	976.4	0.36410183	76.6459	13.3976965	-8.034929	500000	0.0	147.76529	-0.001073288	-8.240359	0.99616575	0.0036283664	0.0236	79.0	205.7195110321045
26	20.906267	57.329247	102.12579	-68.71959	1000.0	-0.40664008	113.31941	19.325607	-14.19258	520000	-1.8626451e-09	77.26778	-0.001399097	-8.145983	0.99095774	0.007311794	0.084249996	79.0	215.10987329483032
27	16.995132	27.82945	99.48593	-54.159218	1000.0	0.49189088	113.73237	21.996704	-8.134527	540000	-1.3038516e-09	62.438446	-0.0010104568	-5.4270663	0.9706005	0.0049232882	0.0315	79.0	225.8491108417511
28	29.999035	23.061655	82.58371	-42.03302	1000.0	0.48262462	91.58194	21.220642	-11.248927	560000	-5.5879357e-10	56.380848	-0.0013429362	-5.3121843	0.9596925	0.00466081	0.038950004	79.0	235.04453921318054
29	6.3912277	39.523476	64.61286	-61.505417	979.9	-0.21153633	129.04637	27.877699	-10.321715	580000	-3.7252904e-10	89.22561	-0.0006704385	-9.985251	0.98647213	0.0064961053	0.033350002	79.0	244.37259340286255
30	20.69441	35.172867	85.47246	-65.12536	997.45	-1.8163068	121.43462	29.579512	-10.724504	600000	1.6763806e-09	78.01334	-0.00079203286	-17.64888	0.94793826	0.0029018489	0.013150001	79.0	254.3269064426422
31	38.21065	30.414204	99.829475	-54.035156	1000.0	1.8352836	115.372765	34.627544	-12.522643	620000	0.0	43.693542	-0.0011637382	-7.3363748	0.95432603	0.0029807328	0.025999999	79.0	264.22987961769104
32	37.241844	38.412895	109.55787	-58.657043	1000.0	2.155237	110.32057	38.106483	-9.309924	640000	2.2351743e-09	31.495478	-0.0017994487	-6.156556	0.946565	0.0059982217	0.046400003	79.0	273.7211244106293
33	33.3702	46.33519	94.084	-100.714264	996.65	1.4650804	115.66756	38.05316	-12.099214	660000	5.5879357e-10	54.120422	-0.00077865913	-8.783638	0.9182428	0.00502404	0.047149997	79.0	284.2343490123749
34	65.921425	36.885418	109.94704	-39.058453	992.6	1.8221931	89.46628	42.706	-13.188854	680000	-2.2351743e-09	83.9265	-0.0005435655	-28.749613	0.8754226	0.0034848242	0.025599997	79.0	295.2313356399536
35	60.199738	38.52225	137.84438	-33.126896	963.1	4.1799493	77.61292	59.78093	-10.459905	700000	-9.313226e-11	75.899376	-0.0011346749	-15.544668	0.8944783	0.006474869	0.050849997	79.0	304.20024251937866
36	73.64847	57.43183	226.17764	-12.89785	945.9	2.8261478	118.25553	60.002705	-11.838615	720000	-2.2351743e-09	107.08372	-0.0013829852	-23.133984	0.88045627	0.0121595375	0.084649995	79.0	313.7033853530884
37	95.35484	80.96046	204.24292	-38.049664	931.4	5.587121	98.24928	63.29197	-9.853581	740000	3.7252904e-10	201.60516	-0.0009663935	-43.873505	0.857411	0.016645912	0.07610001	79.0	322.85305547714233
38	139.77213	83.45595	228.27972	-80.52842	738.2	10.453703	79.69827	70.768005	-9.297971	760000	5.5879357e-10	478.86456	-0.0005899899	-108.553665	0.8308424	0.0067527937	0.0425	79.0	330.67240929603577
39	170.59471	79.04268	272.65582	18.689445	705.95654	14.106416	157.34862	72.69363	-8.545705	780000	-7.4505807e-10	334.71136	-0.00038259322	-141.56006	0.85840416	0.009871965	0.07685	79.0	339.36395955085754
40	168.58847	61.758595	245.93256	-117.91498	632.62964	23.68163	203.61325	89.5613	-8.606261	800000	1.1175871e-09	429.32025	-0.0007285092	-79.952255	0.824924	0.0075079217	0.0663	79.0	348.0375962257385
41	151.30595	124.079796	234.64975	-108.94343	596.72	20.859621	183.95605	96.63723	-9.8250885	820000	-7.4505807e-10	562.31213	-0.0002483968	-93.908745	0.8218905	0.004096728	0.0242	79.0	356.61826944351196
42	169.21123	73.29772	237.78267	-21.13843	625.1786	22.917654	299.93683	94.27393	-12.029682	840000	7.4505807e-10	480.11615	-0.00025717597	-61.589203	0.8056572	0.0034486942	0.0343	79.0	364.62776589393616
43	168.05411	77.9948	235.45552	-77.96291	590.3571	22.1424	141.6655	76.112144	-6.2395015	860000	7.4505807e-10	454.64276	-0.0004177903	-99.44444	0.8301414	0.005513777	0.0294	79.0	373.27580070495605
44	182.12775	84.991745	267.18005	-56.68599	601.7037	24.791496	240.20908	86.72462	-9.597025	880000	-3.7252904e-10	591.7144	-0.00014756879	-326.96786	0.814366	0.0033254263	0.024	79.0	381.71688413619995
45	174.9581	114.67954	256.751	-98.04904	605.3929	24.46983	295.9257	86.67628	-18.255672	900000	-3.7252904e-10	386.07007	-0.00024060553	-93.58162	0.8038651	0.004794257	0.043250002	79.0	390.4464557170868
46	185.7894	69.87844	292.68655	-55.835102	582.31036	24.118637	165.96773	90.745865	-12.047482	920000	-3.7252904e-10	379.405	-0.00075876375	-58.454853	0.80217284	0.0053098504	0.04425	79.0	398.56663966178894
47	199.71582	52.90322	261.84198	-7.9360514	545.25806	24.413338	278.04456	98.982506	-13.724219	940000	7.4505807e-10	262.49445	-0.00042158682	-66.00181	0.8164384	0.0041933404	0.03665	79.0	406.13714575767517
48	204.65764	56.670933	259.13828	84.037186	577.9032	35.935417	238.0966	96.70588	-0.7262701	960000	-2.2351743e-09	401.62537	-0.0001650996	-220.28064	0.7944859	0.005135411	0.0405	79.0	413.91102719306946
49	201.44807	71.664925	277.99698	26.908106	537.2121	27.885237	185.20941	91.60886	-5.1567993	980000	9.313226e-10	303.21494	-0.0003271589	-75.751205	0.8157328	0.0067425654	0.051	79.0	421.1820614337921
50	188.50833	84.046585	256.2535	-38.5324	571.93335	28.160866	160.23022	98.20996	-18.527319	1000000	0.0	360.34586	-0.0003464396	-77.71439	0.8071225	0.0056297136	0.0414	79.0	429.1814603805542
51	228.04356	33.006733	285.87115	104.48525	473.73685	33.686718	195.41772	104.84579	-0.5876323	1020000	1.1175871e-09	174.97116	-0.0003707627	-74.72649	0.80704165	0.004827951	0.06365	79.0	437.40545892715454
52	208.85449	61.833256	261.39755	-18.27425	449.825	38.168526	138.08797	108.47116	-34.725506	1040000	-2.2351743e-09	283.18127	-0.00075092085	-61.173912	0.80267394	0.0043778927	0.0413	79.0	444.9903268814087
53	215.18393	41.75168	286.34827	103.46755	517.2	35.420715	381.81976	102.25872	-25.553167	1060000	1.8626452e-10	409.2138	-0.00032193967	-172.67635	0.7735914	0.0059234416	0.0418	79.0	453.162006855011
54	205.2646	62.745216	268.37314	-40.9788	481.55264	36.484352	182.9753	115.64346	-31.880724	1080000	-1.1175871e-09	297.52695	-0.00043529543	-73.890854	0.7930578	0.004102882	0.03955	79.0	461.210214138031
55	220.2169	63.660156	270.76288	-33.65584	433.75674	38.138905	211.37808	106.51676	-19.9886	1100000	7.4505807e-10	329.2669	-0.0004476468	-72.04913	0.7776259	0.005329382	0.06545	79.0	469.3794708251953
56	216.8087	51.05201	286.3025	17.493813	461.82053	39.412178	247.49721	108.00945	-8.327249	1120000	5.5879357e-10	388.98834	-0.0002219968	-142.08427	0.77892053	0.004884367	0.041599996	79.0	477.0234251022339
57	224.57292	45.04258	278.428	-10.556221	470.16217	38.19393	301.90186	110.157036	-25.843094	1140000	2.2351743e-09	263.6748	-0.00087766943	-33.781914	0.7786826	0.00859954	0.08889999	79.0	484.0943570137024
58	223.49875	48.301598	271.7982	18.831625	456.30554	40.204147	190.0738	114.95632	-21.115519	1160000	3.7252904e-10	294.9339	-0.00055417547	-95.42533	0.76516545	0.0063519203	0.06925	79.0	490.88442945480347
59	209.17648	84.51173	267.8016	-4.468417	410.7143	42.996376	392.3971	118.10298	-25.166927	1180000	0.0	731.503	-0.0003512165	-371.1281	0.7592742	0.0061578257	0.0473	79.0	497.5742976665497
60	216.8085	77.49481	279.07516	10.257787	455.475	37.40147	476.7089	125.75627	-31.301706	1200000	1.1175871e-09	578.9797	-0.0006665072	-224.94131	0.7472048	0.007589926	0.0919	79.0	505.18649983406067
61	233.3089	60.42059	274.51505	22.496117	430.8718	42.5227	333.20264	108.12217	-14.736065	1220000	1.4901161e-09	490.43765	-0.00037076493	-231.37146	0.72982657	0.0037797163	0.025600001	79.0	512.0343723297119
62	240.18643	26.170887	286.7918	121.185585	379.8913	46.06002	413.34607	134.58551	-24.579363	1240000	1.4901161e-09	236.0286	-0.0011410298	-108.61601	0.7566878	0.011933909	0.1152	79.0	519.2780065536499
63	236.49594	48.767685	272.10608	12.634001	352.60785	53.20685	270.97568	121.717354	-20.193329	1260000	-1.8626452e-10	330.2724	-0.00095987786	-61.292145	0.7459717	0.007886985	0.090450004	79.0	525.8163135051727
64	228.94023	35.081177	279.80017	-0.9808335	411.6744	47.225716	436.89017	121.89459	-15.755633	1280000	1.4901161e-09	299.31287	-0.00090725056	-79.96962	0.72778714	0.005635622	0.065400004	79.0	532.6029336452484
65	223.09015	68.085266	293.09723	20.07099	457.21054	39.322968	384.79788	114.147224	-19.784765	1300000	0.0	277.31543	-0.00044949268	-47.869057	0.73057103	0.006572342	0.06945	79.0	539.2895703315735
66	223.8337	27.996044	272.10098	12.433935	400.3913	41.890484	400.5966	119.87364	-45.831314	1320000	1.1175871e-09	394.4228	-0.0010529242	-108.95593	0.69256556	0.0071354797	0.080299996	79.0	545.9136023521423
67	221.3535	70.64888	282.93378	10.697538	361.71112	45.741924	541.1322	123.708885	-27.700289	1340000	-3.7252904e-10	458.75006	-0.00059701374	-125.94629	0.7058539	0.006959909	0.0744	79.0	552.4912130832672
68	221.09323	85.449745	286.1057	-40.05283	412.95123	40.3568	552.9552	124.66322	-41.804848	1360000	-1.8626452e-10	443.38965	-0.00035835186	-168.39903	0.7060049	0.006079095	0.0906	79.0	559.6885871887207
69	234.86504	41.081787	295.44305	30.892653	377.06818	45.53526	512.3246	116.53151	-29.44367	1380000	6.519258e-10	463.37857	-0.0003588887	-194.5873	0.6792389	0.007639711	0.09699999	79.0	566.2020738124847
70	239.13339	47.071766	284.57855	11.446794	344.8	47.795063	544.8514	117.8927	-58.873955	1400000	0.0	356.88647	-0.0012243973	-86.38844	0.7067354	0.008266756	0.078600004	79.0	572.8804726600647
71	240.51494	42.91594	295.61368	4.9143257	316.48334	58.364857	504.68542	125.25843	-21.06382	1420000	-1.8626452e-10	407.82187	-0.00069643336	-71.067825	0.6928748	0.00489719	0.0597	79.0	579.1724824905396
72	227.10272	46.25052	290.77753	15.3066845	370.78723	49.471268	420.64395	116.79513	-20.949856	1440000	-3.7252904e-10	495.795	-0.00060376996	-77.416626	0.68417555	0.0060466197	0.061400004	79.0	585.5454168319702
73	234.4619	49.077896	300.79694	-16.114664	369.75	47.85764	506.77777	123.780495	-33.434387	1460000	-3.7252904e-10	387.44745	-0.0008183244	-56.9604	0.63379574	0.0070982776	0.09515	79.0	591.9143416881561
74	237.48712	56.093384	297.08582	23.504805	321.3654	56.52849	558.94604	128.15265	-15.972112	1480000	-1.4901161e-09	738.37756	-0.00036496646	-284.61752	0.65918493	0.003655731	0.02865	79.0	598.2919089794159
75	233.8666	47.95254	293.22794	-33.875607	306.81668	55.04756	559.5168	124.8997	-23.53813	1500000	-7.4505807e-10	538.30945	-0.0007184264	-103.28868	0.66886264	0.0052946545	0.0537	79.0	604.3494219779968
76	244.11304	33.138626	296.454	125.85097	355.76596	48.915913	706.76904	120.82377	-52.4602	1520000	-3.7252904e-10	434.61972	-0.0005462241	-154.89122	0.64300764	0.005713529	0.07715	79.0	610.7855069637299
77	239.85419	75.88705	304.63632	23.402681	294.5	57.900337	653.1651	127.75895	-5.743292	1540000	1.0244549e-09	539.3817	-0.00063675677	-57.46642	0.670046	0.0060055717	0.10315001	79.0	617.0784950256348
78	246.16873	50.981464	306.24503	7.132664	314.62964	55.312424	585.4583	130.83704	-11.256453	1560000	7.4505807e-10	619.7222	-0.00037623226	-148.21555	0.6315334	0.0042894795	0.0353	79.0	623.6915714740753
79	255.86998	48.571243	304.6792	41.652397	272.2	61.18229	673.10376	140.99046	-7.3202868	1580000	0.0	398.69052	-0.0004463289	-83.86103	0.63761383	0.007716412	0.0947	79.0	629.8910267353058
80	257.94455	26.349028	307.4178	115.75724	270.01514	65.14151	480.37173	143.62752	-27.993969	1600000	2.6077032e-09	327.336	-0.00069497095	-114.19653	0.6268949	0.00893968	0.09645	79.0	636.1064829826355
81	252.22972	56.00459	295.74167	20.690838	295.03638	63.336426	658.90497	156.87111	-6.6724677	1620000	0.0	533.78406	-0.00021589387	-239.5828	0.6229166	0.006201544	0.0561	79.0	642.5213754177094
82	251.67598	40.517723	304.09378	105.2627	339.49057	53.2833	759.15515	143.63281	-7.1968374	1640000	-3.7252904e-10	287.50214	-0.00052134733	-77.73584	0.57441396	0.0043589226	0.0612	79.0	648.9692299365997
83	242.2793	38.227665	304.01483	6.424585	292.1207	57.88107	452.35147	150.64294	-2.9764326	1660000	-1.4901161e-09	554.0086	-0.00085203536	-163.89836	0.63084966	0.0075286627	0.0583	79.0	655.654538154602
84	250.39703	65.55149	308.7253	19.181973	300.25455	54.817974	591.7112	143.94711	-24.696562	1680000	-1.8626452e-10	459.17572	-0.00058211305	-67.293045	0.59187293	0.00527436	0.0499	79.0	661.54341173172
85	253.56366	32.258194	304.3871	50.419308	291.7586	55.363213	624.03613	144.57303	-12.946028	1700000	-3.7252904e-10	467.04315	-0.0007510151	-86.399124	0.5832535	0.007929731	0.07790001	79.0	667.2798225879669
86	255.6346	32.94205	302.54196	118.87853	300.0	58.19118	545.585	145.56552	-1.3337721	1720000	3.7252904e-10	320.74384	-0.00055830646	-54.4716	0.5858269	0.0034456097	0.0558	79.0	673.3819849491119
87	244.21022	64.08287	303.58017	15.341181	286.57895	56.26214	630.8048	144.70964	-1.9121621	1740000	1.8626452e-10	481.0246	-0.00060367153	-71.01758	0.5674402	0.0043338067	0.052900005	79.0	679.8497784137726
88	251.81241	44.88384	318.1374	39.716747	285.8	58.81575	672.80286	152.93439	-4.5700245	1760000	-9.313226e-10	331.236	-0.00048931665	-38.44804	0.5766109	0.005884615	0.0704	79.0	685.8410758972168
89	252.028	52.688114	303.45935	11.118064	251.55556	67.69229	806.18866	150.90657	-0.57368726	1780000	1.6763806e-09	508.10117	-0.0008102219	-81.26736	0.5794618	0.0075804694	0.0794	79.0	691.6399309635162
90	257.285	32.371906	309.70483	136.33566	297.01694	61.854813	639.74713	153.17168	-5.435043	1800000	-2.2351743e-09	313.3756	-0.00047611195	-100.06844	0.56676537	0.005910708	0.104550004	79.0	697.8928532600403
91	244.80562	62.11625	294.5436	-9.374926	338.5091	51.908855	395.94254	164.86624	-6.8453617	1820000	0.0	396.90396	-0.000560181	-94.925705	0.562431	0.0085785845	0.1847	79.0	704.5678157806396
92	255.67505	45.408592	315.56604	20.099964	249.33333	68.01795	679.7638	158.01614	-24.081844	1840000	7.4505807e-10	500.1997	-0.0006213061	-119.46743	0.5403468	0.004949716	0.03575	79.0	711.5779500007629
93	258.27356	45.803963	299.59897	24.095152	232.71053	75.657684	580.7141	152.84357	-6.0851808	1860000	-9.313226e-10	385.0458	-0.00045099753	-40.84675	0.545059	0.0036115393	0.039300002	79.0	717.635062456131
94	260.85104	27.021088	302.51675	117.61475	284.41818	58.52709	221.65741	159.86818	3.285545	1880000	-2.514571e-09	239.46834	-0.00082679756	-55.92771	0.5429328	0.0041887453	0.0285	79.0	723.6110098361969
95	257.26825	59.229435	310.8485	14.311093	259.90768	64.40917	867.8217	156.41414	-1.7787275	1900000	1.1175871e-09	288.20468	-0.00044434913	-63.52962	0.54773974	0.0049809916	0.058999997	79.0	730.5039913654327
96	253.63806	43.831024	311.63458	24.232512	274.31345	66.13662	669.556	158.82495	-1.8555924	1920000	5.5879357e-10	312.93228	-0.00052000745	-47.106434	0.5642899	0.00515938	0.03265	79.0	737.1219391822815
97	259.25333	23.377626	299.66824	55.86749	264.77942	67.34893	690.6947	158.31042	-10.064724	1940000	1.1175871e-09	263.3256	-0.0005681738	-33.92878	0.55153674	0.0042342544	0.0253	79.0	743.4087591171265
98	263.15674	44.463253	318.76608	12.206063	237.18056	77.40947	776.1851	161.70378	9.306611	1960000	-1.4901161e-09	514.6099	-0.00035834123	-223.91855	0.5222021	0.0042885076	0.0406	79.0	749.7800645828247
99	259.71762	52.13849	331.01288	51.525898	294.96774	70.0572	556.15466	164.3918	0.12311089	1980000	-1.3038516e-09	533.2007	-0.00019317858	-258.5015	0.53385866	0.0051626535	0.05115	79.0	756.4904403686523
100	260.1682	51.37426	319.95505	42.31653	270.90323	64.57085	809.41113	164.36206	-13.302906	2000000	0.0	488.41934	-0.00022723926	-240.41719	0.54263914	0.0045056706	0.065799996	79.0	763.0559673309326
