Epoch	AverageEpRet	StdEpRet	MaxEpRet	MinEpRet	EpLen	TotalEnvInteracts	Time
1	-240.38551	0.00010574745	4.6377997	-452.28278	113.314285	3999	1.190502643585205
2	-237.3044	0.0001980242	-62.884228	-478.33063	106.10526	7999	2.3214733600616455
3	-152.50238	1.9546895e-05	-25.131435	-331.63547	102.46154	11999	23.632988452911377
4	-227.96994	0.00010316825	-43.20641	-442.67618	112.8	15999	63.51717281341553
5	-193.28735	5.07437e-05	-24.9885	-482.4022	105.10526	19999	103.63288021087646
6	73.76608	7.6293945e-06	214.1812	-31.720993	826.5	23999	152.30901765823364
7	34.446922	3.411969e-06	196.78137	-49.223473	888.4	27999	204.02819633483887
8	-23.21714	3.8146973e-06	24.889029	-97.54964	896.25	31999	255.90105175971985
9	-40.417957	3.8146973e-06	34.95457	-139.94135	1000.0	35999	306.75081419944763
10	21.761585	0.0	117.87016	-56.019096	823.4	39999	360.0230369567871
11	18.555283	0.0	55.68351	3.5174327	1000.0	43999	409.83537197113037
12	-154.70721	2.49175e-05	20.297615	-393.7158	639.3333	47999	460.50757026672363
13	-21.529741	0.0	0.609002	-83.74924	902.6	51999	511.62071561813354
14	-103.04222	1.9073486e-06	13.448215	-335.5184	881.5	55999	564.1377561092377
15	22.802206	6.823938e-06	246.24725	-62.07869	875.0	59999	612.8510801792145
16	29.599457	0.0	302.76752	-64.77772	853.0	63999	664.0641758441925
17	-10.325951	9.536743e-07	17.507696	-27.826347	1000.0	67999	714.1185176372528
18	-41.83068	3.8146973e-06	30.561188	-158.54114	790.25	71999	766.1315131187439
19	31.811155	6.229375e-06	211.38924	-33.32377	749.5	75999	816.5960474014282
20	-0.23542213	0.0	175.3382	-72.170784	552.5	79999	864.7100908756256
21	-3.545749	9.536743e-07	13.812377	-18.974756	1000.0	83999	915.8509786128998
22	29.902386	3.8146973e-06	207.89958	-74.45166	821.25	87999	965.7683689594269
23	21.285826	4.32546e-06	260.0473	-49.60049	666.2857	91999	1013.3066432476044
24	70.682175	1.3647876e-05	253.1575	-232.54611	779.4	95999	1060.78333735466
25	111.02205	1.3647876e-05	209.47916	1.9816191	728.0	99999	1107.9414241313934
26	119.293365	1.8688124e-05	267.1556	-51.58935	592.3333	103999	1156.5522246360779
27	22.453978	7.7867185e-07	259.1338	-127.49244	700.6667	107999	1203.6286396980286
28	11.80604	6.823938e-06	193.33606	-42.386406	890.4	111999	1252.5961787700653
29	95.69306	6.823938e-06	259.32358	-2.8614404	756.6	115999	1301.2970077991486
30	113.722755	1.8688124e-05	236.10635	-1.2925915	729.3333	119999	1349.5151002407074
31	205.67328	5.3947965e-06	235.8043	147.23346	503.875	123999	1393.6470062732697
32	152.32172	8.092195e-06	221.76492	-34.170048	512.25	127999	1438.970547914505
33	227.801	6.3440086e-05	244.01198	211.41888	473.0	131999	1487.999461889267
34	143.09085	1.9301011e-05	249.01016	-133.61426	456.6	135999	1539.892160654068
35	157.32141	1.9301011e-05	277.51566	-202.09032	369.9	139999	1589.829229593277
36	147.39548	0.0	205.25198	30.421263	684.8333	143999	1642.2796664237976
37	143.80496	3.236878e-05	264.89212	-120.96559	529.5	147999	1693.4379053115845
38	224.71223	5.086263e-06	297.99176	90.42163	448.33334	151999	1743.7215204238892
39	228.2434	5.3947965e-06	265.69473	200.15462	479.75	155999	1793.854520559311
40	32.37749	6.823938e-06	142.01688	-89.83233	811.0	159999	1847.964872598648
41	51.649014	1.153456e-05	248.51447	-156.06586	583.2857	163999	1898.6217274665833
42	134.82077	4.0943625e-05	241.07709	-65.2174	681.2	167999	1952.6901829242706
43	57.576572	1.730184e-05	255.24304	-105.5224	655.5714	171999	2004.5980379581451
44	135.12323	1.245875e-05	268.09283	-61.44769	611.0	175999	2055.098884820938
45	40.588604	1.245875e-05	210.68	-368.3222	702.0	179999	2110.948590040207
46	214.34995	2.300349e-05	288.10403	-158.6156	381.9091	183999	2162.7772777080536
47	141.53233	1.0172526e-05	244.72916	-204.47269	427.77777	187999	2217.0182161331177
48	188.53209	1.9301011e-05	291.38016	-304.58508	348.5	191999	2268.7418310642242
49	208.83026	0.0	273.6625	-20.577425	402.18182	195999	2321.372304201126
50	242.51476	1.3802094e-05	311.81647	42.78474	383.54544	199999	2376.0073845386505
51	208.2742	5.190552e-05	277.5801	21.240755	533.7143	203999	2431.077615261078
52	189.84789	4.140628e-05	271.79694	-186.03276	344.81818	207999	2483.6069235801697
53	102.52054	2.0345053e-05	274.9965	-411.3432	479.66666	211999	2537.9877858161926
54	220.28986	1.5258789e-05	259.5852	169.49063	431.66666	215999	2591.1673681735992
55	198.14363	3.5603844e-05	261.25168	-39.709167	477.22223	219999	2644.724835395813
56	243.37962	7.361117e-05	285.2227	205.14888	364.18182	223999	2697.663969039917
57	180.26675	2.4126264e-05	248.35658	-26.674086	374.4	227999	2750.27814745903
58	221.2917	2.4126264e-05	263.1633	35.34222	402.6	231999	2805.2612450122833
59	243.2313	1.3802094e-05	267.03223	221.09322	375.18182	235999	2858.843053817749
60	258.37793	8.040851e-05	282.74155	217.8258	304.07693	239999	2909.4895837306976
61	241.79044	4.3337826e-05	282.91763	29.217432	264.93332	243999	2956.7447652816772
62	226.26451	1.8402792e-05	296.42862	20.208452	379.72726	247999	3011.7046298980713
63	249.46112	5.060768e-05	266.3535	227.68628	354.27274	251999	3061.8302993774414
64	239.3452	1.6928107e-05	297.90115	46.089607	294.46155	255999	3113.589132785797
65	243.54669	0.0	307.7735	5.3752494	351.25	259999	3165.5742189884186
66	266.5613	3.6702746e-05	288.1227	247.62558	286.2857	263999	3215.658244371414
67	251.4645	3.5603844e-05	293.35	186.83064	344.55554	267999	3267.982094526291
68	242.93407	1.3214499e-05	289.17236	57.93562	377.5	271999	3319.8214106559753
69	231.11719	1.4475758e-05	266.88257	134.1583	441.4	275999	3372.363997220993
70	254.78508	2.2024164e-05	292.4105	229.14168	328.83334	279999	3423.9092712402344
71	257.22873	4.4048327e-05	301.45645	200.47598	317.33334	283999	3477.105430841446
72	254.3653	3.151842e-05	307.38046	229.74031	284.8	287999	3528.2332293987274
73	249.62341	0.000101311154	293.41214	212.00258	316.08334	291999	3578.9450178146362
74	213.07248	7.237879e-05	288.68082	-105.010345	413.3	295999	3631.884724855423
75	254.67831	3.2624663e-05	279.7123	189.69945	291.07144	299999	3675.662162065506
76	248.02562	5.7262827e-05	290.18378	68.7574	327.5	303999	3719.689318418503
77	215.6292	2.7604188e-05	294.1696	-34.244774	354.0	307999	3763.9825162887573
78	257.67874	5.7093162e-05	292.28925	184.31615	291.5	311999	3809.1849472522736
79	247.01262	6.755354e-05	279.48193	200.02785	394.0	315999	3859.0645282268524
80	198.91696	6.755354e-05	273.96677	-49.09814	357.9	319999	3907.4556176662445
81	223.12036	3.5238663e-05	299.00946	-49.863453	372.0	323999	3955.6738567352295
82	218.08437	2.5431314e-05	294.29465	-37.598804	389.44446	327999	4003.179579257965
83	247.3008	6.4409774e-05	282.16846	185.74396	366.36365	331999	4049.572934627533
84	253.49745	2.0390415e-05	295.34598	202.62933	319.64285	335999	4096.149121284485
85	251.80087	6.7712426e-05	267.1289	229.97942	298.6154	339999	4142.917657613754
86	265.10812	4.404833e-06	301.17767	194.87761	290.83334	343999	4190.286095619202
87	226.17357	0.00010637466	300.75876	-63.34915	313.26666	347999	4238.761802434921
88	232.15596	7.928699e-05	276.40823	1.0647788	319.0	351999	4286.042035579681
89	266.8851	6.697664e-05	300.14218	231.1194	273.86667	355999	4332.139972448349
90	239.84023	0.000118264405	293.89456	-26.959427	289.2857	359999	4379.904040813446
91	262.70895	4.600698e-05	295.68158	224.12411	347.45456	363999	4428.986805200577
92	261.03867	1.8503999e-05	299.1017	229.6077	242.41176	367999	4474.436940431595
93	244.17503	3.2204887e-05	285.42477	85.08788	369.81818	371999	4522.057731389999
94	265.81168	3.6702746e-05	297.6582	213.969	278.35715	375999	4567.905922412872
95	267.92575	6.1035156e-05	302.73175	233.0586	253.6875	379999	4613.5929527282715
96	264.97794	0.00014063039	294.1574	218.93596	239.64706	383999	4659.346811771393
97	266.41577	3.3856213e-05	298.28946	233.31723	305.6154	387999	4705.662387609482
98	252.66551	1.18194075e-05	291.23965	30.575068	262.06668	391999	4751.461906909943
99	262.76776	0.0	299.91217	223.4346	305.84616	395999	4797.159916400909
100	234.24565	0.0	275.5955	83.62061	403.4	399999	4849.57371711731
