Epoch	AverageEpRet	StdEpRet	MaxEpRet	MinEpRet	EpLen	AverageVVals	StdVVals	MaxVVals	MinVVals	TotalEnvInteracts	LossPi	LossV	DeltaLossPi	DeltaLossV	Entropy	KL	ClipFrac	StopIter	Time
1	-1281.373	151.48228	-1019.0575	-1781.2943	200.0	0.18825573	0.59869576	0.6163226	-0.007467687	4000	4.0605663e-08	164858.55	-0.0007307137	-7669.7124	0.9189385	0.003045176	0.024	79.0	2.033053159713745
2	-1245.946	155.64871	-906.59485	-1751.6224	200.0	-12.417413	39.03801	-2.748418	-25.897617	8000	-2.9802322e-08	149302.42	-0.0012144152	-54106.9	0.9036292	0.009360769	0.045	79.0	3.0463247299194336
3	-1202.2625	189.69846	-910.1546	-1719.0448	200.0	-107.73712	346.23355	-13.606668	-204.80946	12000	1.0803342e-08	101185.1	-0.0016943855	-44773.55	0.9002264	0.005837296	0.054999996	79.0	4.10798978805542
4	-1226.2969	137.87827	-918.75244	-1779.7333	200.0	-276.98795	586.7599	-34.87162	-543.08777	16000	1.0430813e-08	62025.71	-0.0024500352	-12012.972	0.8816692	0.00581007	0.04275	79.0	5.126787900924683
5	-1193.2294	205.66435	-763.1913	-1670.2714	200.0	-325.6816	296.07578	-35.63415	-749.43365	20000	2.2351743e-09	52815.586	-0.0029100007	-10478.369	0.8666645	0.007056647	0.05125	79.0	6.136096477508545
6	-1204.3981	129.55673	-1014.84766	-1759.2299	200.0	-341.67996	137.44081	-54.65812	-652.1589	24000	5.5879354e-09	43510.71	-0.006066758	-9519.945	0.84768665	0.010621446	0.065	79.0	7.1895575523376465
7	-1196.2361	112.874535	-1040.1923	-1607.5707	200.0	-384.2661	99.35548	-126.713066	-711.25775	28000	-7.4505807e-10	32518.037	-0.0065164403	-5176.771	0.859863	0.0088209715	0.066	79.0	8.474529266357422
8	-1238.4885	127.30968	-1093.0027	-1599.5582	200.0	-402.9555	252.8784	-182.14537	-669.6666	32000	-5.9604646e-09	29499.719	-0.0047360403	-3277.273	0.8422047	0.009362988	0.0645	79.0	9.900171041488647
9	-1252.7473	248.6588	-902.5581	-1813.529	200.0	-422.38245	228.91998	-227.96118	-635.81274	36000	-1.4901161e-09	32943.03	-0.0027035237	-4531.646	0.82647467	0.0075561823	0.0585	79.0	11.040058612823486
10	-1148.1316	130.01588	-959.1894	-1603.5575	200.0	-419.76102	353.9853	-268.40253	-636.02844	40000	6.7055224e-09	23515.145	-0.005965721	-2621.151	0.80962944	0.008843151	0.0845	79.0	12.159970760345459
11	-1175.3424	205.34601	-910.24243	-1882.3793	200.0	-425.77304	179.15977	-330.401	-570.93085	44000	-1.1175871e-09	25945.629	-0.0023440223	-3683.5254	0.7587384	0.004082031	0.0425	79.0	13.320651292800903
12	-1294.3838	330.72385	-959.52136	-1860.0187	200.0	-440.74838	784.0337	-298.78198	-601.62366	48000	2.2351743e-09	27205.959	-0.0023537981	-1013.52234	0.74782646	0.009676139	0.06125	79.0	15.042723894119263
13	-1180.8801	172.00478	-976.8205	-1656.9799	200.0	-435.62878	372.0219	-295.76813	-587.1081	52000	-2.2351743e-09	21160.244	-0.0025397125	-775.9044	0.7391244	0.0059643034	0.053999998	79.0	16.789963483810425
14	-1188.649	215.81065	-931.9862	-1836.4061	200.0	-416.93732	828.74176	-287.13644	-605.3929	56000	-3.7252904e-10	22000.45	-0.004855843	-1911.7546	0.7281302	0.0094640795	0.08325	79.0	18.147769689559937
15	-1169.148	249.31702	-868.0831	-1846.9915	200.0	-412.87787	396.81927	-332.20242	-514.6583	60000	-4.4703485e-09	22670.246	-0.0020627526	-964.7186	0.70550454	0.007252836	0.04925	79.0	19.331889867782593
16	-1190.9226	184.275	-762.35156	-1836.7424	200.0	-413.47375	498.27167	-302.28354	-567.1649	64000	2.9802323e-09	20851.062	-0.002031325	-300.66953	0.6914786	0.0077735633	0.05725	79.0	20.374305963516235
17	-1147.278	194.6401	-883.6584	-1811.3685	200.0	-408.9518	644.9843	-289.0362	-602.3157	68000	-3.7252903e-09	19252.52	-0.0027107962	-912.6383	0.6896273	0.008355798	0.05375	79.0	21.41516613960266
18	-1149.6515	144.56226	-978.72986	-1653.7731	200.0	-392.76663	400.7713	-309.29922	-528.4905	72000	8.940697e-09	20026.166	-0.006335424	-428.31015	0.6731235	0.009288833	0.062	79.0	22.49719548225403
19	-1216.3894	344.30667	-820.9525	-1855.4714	200.0	-414.26526	587.2369	-330.96722	-520.65137	76000	7.4505807e-10	22491.096	-0.0013008039	-499.8872	0.65633476	0.005640462	0.033	79.0	23.545908212661743
20	-1150.769	251.33249	-905.69946	-1665.1587	200.0	-419.74445	602.9567	-342.9525	-575.96234	80000	-1.1175871e-09	18182.84	-0.0034854119	-264.68146	0.65180063	0.012353656	0.0695	79.0	24.95199227333069
21	-1233.2184	320.5128	-761.8193	-1838.6069	200.0	-427.27667	827.25665	-321.73383	-584.1226	84000	2.6077032e-09	23003.566	-0.0027369182	-401.06366	0.66440374	0.0062821954	0.066999994	79.0	26.206246614456177
22	-1122.1881	198.97618	-826.2143	-1837.0367	200.0	-403.1243	677.31213	-306.72076	-608.8995	88000	-7.4505807e-10	22656.166	-0.0029424743	-779.0487	0.64641017	0.0080139935	0.053249996	79.0	27.272167921066284
23	-1125.5234	213.56712	-978.248	-1853.3268	200.0	-397.42126	415.62057	-326.32574	-542.5058	92000	-1.4901161e-09	19697.506	-0.0028502406	-305.9337	0.6576911	0.007761656	0.0705	79.0	28.306415557861328
24	-1165.7722	338.6282	-867.40405	-1844.7333	200.0	-403.62396	810.0292	-330.9982	-582.7967	96000	4.4703485e-09	22624.367	-0.0021671816	-911.65216	0.65964717	0.006590426	0.05675	79.0	29.468027353286743
25	-1102.0813	160.95482	-996.22943	-1787.9066	200.0	-411.8169	608.93976	-340.228	-654.8141	100000	-4.4703485e-09	19410.605	-0.0037640526	-1774.3015	0.650737	0.006290636	0.0555	79.0	30.60382866859436
26	-1287.4208	335.19916	-993.70905	-1835.7279	200.0	-417.85162	500.63214	-350.46487	-507.0827	104000	1.4901161e-09	27192.816	-0.00150701	-3571.9946	0.6351282	0.005484651	0.051	79.0	31.829535245895386
27	-1151.4664	233.02505	-787.41016	-1834.4338	200.0	-433.26587	736.04694	-337.17462	-641.91473	108000	5.5879357e-10	23589.357	-0.0027110544	-1616.3958	0.62728035	0.007340553	0.05125	79.0	32.8997437953949
28	-1054.2507	48.46658	-895.39606	-1211.3662	200.0	-387.91	212.06729	-309.05225	-575.2114	112000	2.9802323e-09	15387.484	-0.006404756	-1465.0928	0.6325717	0.0076492503	0.063	79.0	33.95027709007263
29	-1134.2147	172.03073	-1006.0037	-1761.8439	200.0	-393.12775	506.07816	-320.0746	-534.6153	116000	1.4901161e-09	16052.878	-0.0062151286	-209.75586	0.6103903	0.00712992	0.0825	79.0	35.0331768989563
30	-1087.1605	193.69055	-857.7809	-1608.9285	200.0	-380.8291	446.6869	-319.76202	-513.6406	120000	0.0	14768.795	-0.0038148486	-895.7832	0.5948187	0.0056945467	0.04925	79.0	36.095593214035034
31	-1051.8594	129.72003	-879.975	-1449.3352	200.0	-373.28458	563.0773	-308.17133	-587.5249	124000	7.823109e-09	14523.354	-0.0047676936	-867.2111	0.5843997	0.004557644	0.04975	79.0	37.15619707107544
32	-1086.5585	192.4229	-887.68176	-1824.1832	200.0	-382.51624	438.97195	-322.957	-499.75684	128000	-4.656613e-11	17177.213	-0.0022937055	-1086.7556	0.5772909	0.00355567	0.063999996	79.0	38.21694302558899
33	-1058.7865	53.181572	-903.84607	-1236.2434	200.0	-385.08408	405.9259	-321.30548	-560.2117	132000	-1.4901161e-09	13612.169	-0.0018535418	-435.34894	0.5733517	0.0074619413	0.05575	79.0	39.2793333530426
34	-1049.5836	79.99038	-903.3028	-1213.8004	200.0	-371.68924	288.85815	-313.6495	-535.8419	136000	-6.7055224e-09	12882.782	-0.0028836753	-194.31792	0.5585269	0.006277533	0.055	79.0	40.33984637260437
35	-1010.0457	54.290596	-877.21936	-1099.8658	200.0	-369.4826	173.9884	-312.6979	-533.8409	140000	-5.9604646e-09	13044.428	-0.003304009	-117.379196	0.5623722	0.0044308896	0.055	79.0	41.403658390045166
36	-1040.9033	77.21065	-829.0261	-1205.6819	200.0	-362.57632	249.40355	-307.2584	-520.807	144000	-6.7055224e-09	13886.057	-0.0016207425	-208.62265	0.5570617	0.0048896717	0.044749998	79.0	42.48777770996094
37	-1053.217	160.1592	-826.8393	-1488.5751	200.0	-376.8807	337.9094	-326.64948	-533.06757	148000	-2.2351743e-09	14271.932	-0.002602103	-567.89435	0.56019354	0.0051470296	0.0625	79.0	43.55159020423889
38	-1029.2766	143.2444	-731.2508	-1295.8788	200.0	-366.56125	325.3829	-306.07965	-571.8669	152000	7.0780515e-09	11377.7295	-0.003097331	-430.9441	0.54884243	0.009521687	0.060500003	79.0	44.635005712509155
39	-960.0609	171.24422	-626.42053	-1215.6564	200.0	-363.336	462.53342	-296.3741	-581.78455	156000	2.9802323e-09	12230.648	-0.002040788	-801.1003	0.52916956	0.005504672	0.059000004	79.0	45.706002950668335
40	-1009.8631	234.19322	-501.19247	-1415.5524	200.0	-352.91	668.8842	-276.2379	-572.21906	160000	0.0	13408.419	-0.0028025243	-939.8903	0.5163046	0.004318082	0.075	79.0	46.77588987350464
41	-1050.6212	56.043854	-741.6162	-1443.7815	200.0	-355.8329	317.6586	-220.56133	-587.2118	164000	-2.6077032e-09	11623.25	-0.0036987686	-206.64893	0.508356	0.008903401	0.077	79.0	47.86365270614624
42	-978.95087	108.91297	-752.0912	-1171.0427	200.0	-330.97488	306.17377	-239.08257	-580.093	168000	2.6077032e-09	12504.525	-0.0036693658	-556.33203	0.5095426	0.0039571715	0.076	79.0	48.947465896606445
43	-956.283	203.74983	-597.71515	-1363.9991	200.0	-356.29092	480.7913	-257.03128	-572.64014	172000	-1.4901161e-09	14097.32	-0.0036206592	-1048.7639	0.49263301	0.0037312252	0.0855	79.0	50.02648329734802
44	-933.174	155.51686	-619.5113	-1085.1879	200.0	-330.13657	540.59467	-197.99915	-570.63574	176000	-2.2351743e-09	12269.378	-0.0032739243	-341.75848	0.47776324	0.0027860063	0.06925	79.0	51.09777045249939
45	-948.88635	187.03139	-625.77856	-1488.1198	200.0	-335.294	575.2421	-205.57516	-569.3087	180000	0.0	14585.388	-0.0035651557	-2099.3293	0.47012	0.004825254	0.068	79.0	52.17754006385803
46	-929.66345	132.94507	-522.88214	-1220.8096	200.0	-322.91537	920.1091	-134.82068	-548.46265	184000	-5.2154063e-09	14659.018	-0.005232433	-1769.695	0.4640482	0.0076316684	0.09550001	79.0	53.24442386627197
47	-961.67346	97.68784	-632.66425	-1239.166	200.0	-353.97925	303.00296	-187.1291	-574.3721	188000	7.4505807e-10	10678.768	-0.0048073204	-238.70007	0.43364197	0.006318896	0.083000004	79.0	54.31408381462097
48	-894.77637	83.82036	-658.3596	-1140.8677	200.0	-297.39145	534.4583	-156.79987	-579.4528	192000	2.6077032e-09	9096.317	-0.002575092	-985.89075	0.41139603	0.002578648	0.051250003	79.0	55.393054246902466
49	-936.21893	54.67011	-760.4265	-1094.3931	200.0	-348.06863	740.79065	-197.52003	-567.47974	196000	-4.4703485e-09	15555.034	-0.0022883525	-4143.729	0.4032846	0.003889922	0.051	79.0	56.463876485824585
50	-938.179	75.67962	-747.20636	-1128.8947	200.0	-333.31094	250.46013	-268.96985	-542.1606	200000	1.4901161e-09	9806.3545	-0.0035380994	-285.9725	0.38745776	0.0052663498	0.08375	79.0	57.54149770736694
51	-857.5275	149.38454	-622.2152	-1079.4009	200.0	-326.10553	175.46904	-260.3108	-542.0442	204000	7.4505807e-10	11564.779	-0.002014219	-549.00464	0.38550907	0.0017216268	0.0595	79.0	58.61267614364624
52	-947.89374	163.55742	-727.3429	-1363.1616	200.0	-317.513	493.71967	-236.72852	-524.8092	208000	0.0	9356.472	-0.003882444	-275.47128	0.37907773	0.008995265	0.08499999	79.0	59.68504977226257
53	-918.3677	106.78192	-628.5096	-1109.5219	200.0	-312.86707	252.90367	-245.27814	-553.71674	212000	-2.9802323e-09	9150.229	-0.005101655	-941.4772	0.34500432	0.005277592	0.094	79.0	60.752652645111084
54	-901.042	127.945404	-621.7935	-1119.5436	200.0	-321.33075	417.7068	-237.18336	-541.3968	216000	-1.8626451e-09	9834.0205	-0.002055123	-266.9408	0.33211124	0.004998874	0.085	79.0	61.81972146034241
55	-886.78094	130.46045	-623.7612	-1081.703	200.0	-328.82516	256.85696	-252.58655	-532.7775	220000	-2.6077032e-09	11327.946	-0.004101039	-1997.6039	0.32005954	0.0053452626	0.0675	79.0	62.89217185974121
56	-897.6574	122.987686	-518.45575	-1092.9453	200.0	-296.05823	359.99377	-201.4734	-503.486	224000	-7.4505807e-10	10570.841	-0.0025777325	-362.3872	0.3032875	0.0042799115	0.069749996	79.0	63.96378469467163
57	-894.9066	149.55618	-510.7654	-1094.741	200.0	-313.16586	470.61282	-222.5716	-526.5729	228000	-2.2351743e-09	9064.583	-0.0029713903	-71.48103	0.30585068	0.00681463	0.07224999	79.0	65.04788947105408
58	-882.07214	120.99577	-632.58295	-1037.9507	200.0	-315.87	241.34775	-220.96358	-516.8973	232000	-2.9802323e-09	10922.007	-0.0028047697	-1336.4602	0.2941814	0.00721047	0.095249996	79.0	66.11521673202515
59	-850.7673	164.07765	-411.50336	-1098.1759	200.0	-297.51526	687.30396	-163.34586	-524.8599	236000	0.0	9865.967	-0.0038157552	-1005.3168	0.2780667	0.0085390415	0.076	79.0	67.18094801902771
60	-837.9498	175.85316	-523.78595	-1125.814	200.0	-305.83173	327.0323	-209.06953	-541.7271	240000	-1.4901161e-09	9308.68	-0.0021030712	-573.3959	0.26806536	0.009296951	0.082499996	79.0	68.25648641586304
61	-814.2372	138.62558	-589.3948	-1042.1749	200.0	-279.22495	424.4601	-167.6092	-530.9232	244000	2.2351743e-09	7754.9595	-0.0028446869	-454.7561	0.25814468	0.0050126323	0.06525	79.0	69.32475662231445
62	-805.33514	167.18636	-547.2132	-1066.1454	200.0	-285.06915	744.0765	-150.10716	-519.7197	248000	-2.9802323e-09	8268.089	-0.005614908	-854.3418	0.22419575	0.010570852	0.1075	79.0	70.41172099113464
63	-806.6138	112.565895	-621.6142	-1017.237	200.0	-267.99268	363.2775	-150.79602	-491.13513	252000	-7.823109e-09	6394.782	-0.0049440274	-196.44951	0.20877823	0.0061226147	0.089999996	79.0	71.49356651306152
64	-788.567	118.965996	-583.12054	-1016.6386	200.0	-257.50623	503.1941	-148.73978	-501.91193	256000	3.7252903e-09	8407.775	-0.008186576	-219.54898	0.18170059	0.009493195	0.1165	79.0	72.5845410823822
65	-740.84924	160.55173	-502.5304	-1239.8507	200.0	-254.32944	315.4042	-146.67018	-498.70688	260000	-3.7252903e-09	7807.95	-0.0028580283	-644.00714	0.13746703	0.003039945	0.063999996	79.0	73.66944670677185
66	-726.2351	112.525215	-509.30963	-987.3584	200.0	-242.29732	220.52107	-168.43758	-484.49368	264000	-7.4505807e-10	5279.868	-0.0037812695	-110.45066	0.13037017	0.0004014696	0.0755	79.0	74.75585460662842
67	-749.76355	125.58779	-507.65735	-968.61816	200.0	-244.18343	220.1843	-175.20473	-478.42633	268000	-2.2351743e-09	6895.6846	-0.0021865952	-543.26495	0.09577952	0.0034198817	0.067999996	79.0	75.8512179851532
68	-784.56476	99.78018	-576.5783	-974.086	200.0	-259.344	254.37764	-160.06311	-479.1702	272000	1.4901161e-09	5952.372	-0.004954092	-176.63809	0.07490219	0.0107144695	0.124249995	79.0	76.93210697174072
69	-725.42944	139.55415	-398.38022	-885.7546	200.0	-230.52881	407.78845	-134.55997	-464.31467	276000	-1.8626451e-09	5906.798	-0.0034287726	-227.78484	0.04204595	0.0053914683	0.062249996	79.0	78.01292276382446
70	-701.54846	108.44109	-389.84348	-874.27844	200.0	-252.6043	494.3073	-148.45648	-478.72116	280000	-4.842877e-09	7593.8423	-0.004908151	-376.3646	0.03739977	0.010432678	0.102	79.0	79.0992443561554
71	-632.2135	63.273354	-380.95203	-843.20764	200.0	-224.49988	203.8427	-149.4486	-464.0745	284000	1.4901161e-09	5556.613	-0.002809121	-604.81525	0.037306197	0.0046582287	0.060249995	79.0	80.18627166748047
72	-684.7814	118.86829	-488.93713	-905.4321	200.0	-212.26657	251.77081	-140.34808	-435.20587	288000	-1.8626451e-09	4595.1235	-0.0027038432	-134.46909	0.025744323	0.00502354	0.072000004	79.0	81.26782298088074
73	-671.8626	120.77362	-497.19235	-871.3162	200.0	-219.84268	281.03702	-145.87712	-461.6606	292000	-2.9802323e-09	4827.2314	-0.003648162	-428.4712	0.005059719	0.0080086365	0.0985	79.0	82.33973050117493
74	-657.3201	155.5515	-351.14984	-915.3903	200.0	-199.23459	364.64545	-124.30959	-455.6063	296000	0.0	3083.8477	-0.0037372378	-123.100975	-0.012752414	0.007505742	0.06950001	79.0	83.42290830612183
75	-605.19586	116.14109	-382.04037	-747.3521	200.0	-194.00954	194.82376	-120.947365	-467.69742	300000	7.4505807e-10	4436.514	-0.003667723	-83.496605	5.1498413e-05	0.0074729747	0.09475	79.0	84.4945936203003
76	-587.9359	153.81061	-256.43002	-894.35187	200.0	-188.46634	370.11237	-125.23144	-459.7658	304000	1.4901161e-09	4510.1924	-0.0030935793	-194.63687	-0.011693001	0.0059071337	0.060500003	79.0	85.58601927757263
77	-573.71564	101.81835	-376.2051	-777.8197	200.0	-186.7398	250.32149	-115.806076	-425.45966	308000	-2.9802323e-09	3268.707	-0.0042184116	-171.87845	-0.029508114	0.007240109	0.06875	79.0	86.67460298538208
78	-619.4961	100.03885	-371.2901	-817.61414	200.0	-189.36195	263.24478	-113.456635	-450.77234	312000	7.4505807e-10	4362.5996	-0.0015878004	-264.80844	-0.03338074	0.0015622625	0.05575	79.0	87.7759964466095
79	-632.7755	123.97919	-385.2893	-859.0973	200.0	-194.00484	231.46306	-125.31371	-444.6109	316000	-1.4901161e-09	2827.2305	-0.0034062373	-122.97086	-0.043361783	0.006715432	0.08675001	79.0	88.85087966918945
80	-536.16925	96.80853	-368.7759	-738.745	200.0	-186.7363	203.18263	-120.527664	-419.07443	320000	2.6077032e-09	3463.103	-0.005254877	-519.1944	-0.078915715	0.0075000525	0.08475	79.0	89.9259991645813
81	-580.5936	163.93289	-264.19525	-752.4772	200.0	-170.66425	299.75858	-88.18754	-437.88916	324000	2.2351743e-09	3448.183	-0.0023630802	-96.449936	-0.08292484	0.009346713	0.09325	79.0	90.99821758270264
82	-578.51337	109.10035	-254.8874	-750.0611	200.0	-168.97821	268.5393	-94.29125	-427.25156	328000	1.4901161e-09	3114.2607	-0.0034554831	-92.42098	-0.09139679	0.008331886	0.105	79.0	92.07964301109314
83	-571.77356	112.6894	-376.848	-725.21313	200.0	-178.53835	269.02353	-110.28064	-430.15094	332000	2.6077032e-09	3189.7488	-0.0036213025	-77.88994	-0.09474693	0.0054948297	0.082	79.0	93.15929174423218
84	-560.3817	115.1265	-372.65808	-894.758	200.0	-169.32487	293.67484	-97.71909	-424.59525	336000	2.9802323e-09	2144.2043	-0.0027569584	-39.001503	-0.09899449	0.006319073	0.08325	79.0	94.23195266723633
85	-530.6716	60.71421	-378.02	-723.2898	200.0	-162.63788	138.51564	-85.588974	-400.68588	340000	-2.9802323e-09	2015.6031	-0.0039126687	-140.83049	-0.12100015	0.0061954474	0.077999994	79.0	95.33003854751587
86	-512.5885	85.8261	-377.41107	-727.3389	200.0	-161.93869	238.24757	-68.8956	-432.04825	344000	-1.8626451e-09	3128.1672	-0.00293369	-317.33884	-0.12452172	0.0046537262	0.06475	79.0	96.40498661994934
87	-552.61316	142.08424	-377.54962	-775.7276	200.0	-157.6832	295.97876	-84.587296	-413.35266	348000	-2.9802323e-09	2027.5798	-0.003217165	-57.268272	-0.13910851	0.0053850696	0.0775	79.0	97.51318836212158
88	-532.7421	106.40016	-374.58075	-716.76263	200.0	-151.002	237.19122	-68.23254	-423.4495	352000	7.4505807e-10	1936.143	-0.0056857853	-49.47163	-0.1530172	0.0066068172	0.1105	79.0	98.58552074432373
89	-509.70636	135.14735	-363.21756	-792.89606	200.0	-154.51338	287.77292	-75.20476	-419.2215	356000	0.0	2258.891	-0.0025214914	-217.76534	-0.18692568	0.0039279563	0.07225	79.0	99.66809368133545
90	-497.94904	64.50898	-369.93106	-715.7396	200.0	-146.7605	105.22733	-75.51062	-400.34955	360000	3.7252903e-09	1648.3011	-0.0029320954	-83.30557	-0.1876744	0.009612715	0.08025	79.0	100.73993277549744
91	-491.455	107.50814	-258.01852	-748.1709	200.0	-144.68956	278.45862	-68.73614	-401.68503	364000	0.0	1685.6472	-0.0036825768	-48.66587	-0.20075738	0.0019291105	0.0915	79.0	101.81286191940308
92	-479.35065	113.47028	-358.019	-795.9129	200.0	-139.93187	259.4502	-68.5099	-398.8444	368000	2.9802323e-09	2428.4707	-0.0029313662	-182.03828	-0.21502927	0.0080218185	0.0775	79.0	102.88009333610535
93	-460.81592	163.03105	-255.87508	-925.48016	200.0	-130.8942	337.40576	-64.11628	-399.6324	372000	7.4505807e-10	1726.4495	-0.00323205	-109.63176	-0.23440334	0.006493739	0.09625	79.0	103.95259189605713
94	-446.3698	101.23224	-255.33926	-738.4448	200.0	-119.31891	265.83405	-47.23927	-417.00854	376000	5.2154063e-09	1927.0349	-0.0035460335	-92.286545	-0.26562315	0.005790955	0.109749995	79.0	105.04951524734497
95	-366.1745	127.19177	-251.76317	-607.6387	200.0	-119.96327	246.12872	-71.57284	-414.28415	380000	-1.8626451e-09	1883.4293	-0.0045409566	-275.7326	-0.2961421	0.004772269	0.11224999	79.0	106.28411269187927
96	-394.11218	111.31249	-130.23804	-615.98065	200.0	-106.554794	245.89456	-48.822464	-379.68478	384000	0.0	1340.2059	-0.008089831	-48.983257	-0.32646075	0.005793819	0.103	79.0	107.35469341278076
97	-390.21597	179.28282	-129.48744	-721.85693	200.0	-103.92025	338.5441	-38.851624	-387.17557	388000	1.4901161e-09	1235.0564	-0.0019813422	-71.67562	-0.33608586	0.0073960647	0.07575	79.0	108.42670631408691
98	-365.0366	155.92725	-129.04404	-624.90546	200.0	-93.97548	316.53317	-25.533306	-365.0636	392000	-1.3411045e-08	1154.0671	-0.0054265885	-138.69553	-0.3494553	0.0068809586	0.08400001	79.0	109.4962682723999
99	-353.6271	134.34811	-127.784706	-606.62134	200.0	-81.142	282.78183	-24.375189	-351.10318	396000	1.1175871e-09	666.3975	-0.0039359173	-70.535484	-0.35344148	0.0073276698	0.0935	79.0	110.56889343261719
100	-344.29608	148.79599	-127.43107	-501.54385	200.0	-75.619	344.65765	-10.435688	-359.61267	400000	-4.4703485e-09	871.9829	-0.004365836	-390.91913	-0.36421514	0.0026089535	0.075	79.0	111.6511595249176
