Epoch	AverageEpRet	StdEpRet	MaxEpRet	MinEpRet	EpLen	AverageVVals	StdVVals	MaxVVals	MinVVals	TotalEnvInteracts	LossPi	LossV	DeltaLossPi	DeltaLossV	Entropy	KL	ClipFrac	StopIter	Time
1	-91.43467	154.44116	-9.532048	-799.6352	119.89655	0.06968121	0.20162983	1.1382354	-0.68041277	10000	-3.8743018e-08	4212.101	-0.0077593476	-3015.486	0.9189385	0.015243733	0.25879997	79.0	2.859846591949463
2	-132.0188	234.69672	-0.28929043	-754.34753	190.94286	-41.393173	27.292433	-7.0891747	-103.88874	20000	1.4901161e-09	882.40173	-0.009602467	-251.031	0.9016821	0.0073576123	0.2503	79.0	5.754091501235962
3	-129.3437	253.66876	1.491222	-681.8756	194.26315	-52.917126	27.551155	-5.619126	-102.84047	30000	1.4901161e-09	663.84174	-0.0069744596	-75.49412	0.8907484	0.002914434	0.2346	79.0	8.63520336151123
4	-102.40425	216.89185	17.386362	-619.05695	182.55173	-51.720448	36.566174	-2.8285246	-95.26911	40000	-3.7252904e-10	479.5171	-0.008615882	-76.95545	0.87768316	0.0060243774	0.2565	79.0	11.545957803726196
5	-74.15704	112.045074	6.7662396	-620.7712	121.94118	-50.364	66.99147	-2.2053955	-88.88573	50000	3.7252904e-10	439.70547	-0.011563569	-70.510765	0.8653444	0.00811792	0.28069997	79.0	14.448644161224365
6	-71.21904	83.53864	16.54338	-533.3597	128.97368	-47.95527	108.60016	-1.5013537	-84.99034	60000	-7.4505807e-10	427.6041	-0.019368649	-42.996147	0.851071	0.015054276	0.3342	79.0	17.366137266159058
7	-72.62648	127.861404	-4.315727	-556.7663	148.89743	-43.846073	117.20564	-1.2266533	-78.53797	70000	-1.8626451e-09	400.86847	-0.00876659	-38.90135	0.8347843	0.009482506	0.2662	79.0	20.297210931777954
8	-74.07587	122.80825	15.3460245	-492.3289	150.61765	-41.007675	144.1733	-1.158952	-77.14525	80000	-2.2351743e-09	255.2148	-0.013856532	-36.876064	0.82079136	0.011551042	0.3049	79.0	23.245662212371826
9	-45.379597	68.1299	16.887924	-449.8039	105.0339	-34.696117	185.64389	-1.2154942	-70.79493	90000	-3.1432137e-09	364.53522	-0.012036152	-42.67283	0.80442655	0.015629137	0.3154	79.0	26.539508819580078
10	-77.19975	144.62866	55.32825	-413.1271	202.23685	-31.893343	164.67662	-1.2205678	-64.43964	100000	-1.6763806e-09	284.1431	-0.011782007	-47.314583	0.7896692	0.017126098	0.3009	79.0	29.613569259643555
11	-41.325527	53.120575	52.78746	-266.902	149.43333	-29.04541	115.342705	-1.3143494	-57.504326	110000	-1.4901161e-09	240.71475	-0.012749654	-18.33456	0.7762937	0.01692261	0.33	79.0	32.675745725631714
12	-18.919792	51.632286	31.077639	-141.71059	126.0	-27.475544	137.59163	-1.3452994	-53.701687	120000	-1.1175871e-09	299.57477	-0.008198827	-50.997955	0.7611567	0.013358006	0.2858	79.0	35.76080536842346
13	-47.706783	93.78834	59.13115	-281.36948	209.07895	-20.907373	176.6073	-1.2329826	-47.591034	130000	3.3527612e-09	216.87772	-0.014952515	-6.0687804	0.74917465	0.019614954	0.3388	79.0	39.11199975013733
14	-56.93626	124.101295	31.614498	-307.50772	266.1111	-21.389957	143.81424	-1.2295243	-45.10058	140000	2.0489097e-09	161.89609	-0.009502562	-13.893214	0.7349597	0.019005552	0.3171	79.0	42.34384632110596
15	-35.735542	53.13456	17.980211	-167.00873	199.32259	-17.745028	115.724525	-1.238317	-42.034634	150000	1.6763806e-09	142.84216	-0.013684263	-15.052912	0.7197443	0.017626384	0.342	79.0	45.51234769821167
16	-22.978222	45.685272	31.369888	-228.6672	128.83784	-14.578426	86.41542	-1.0821227	-35.15483	160000	-3.7252904e-10	165.66142	-0.012375614	-12.039354	0.7045224	0.01858317	0.3237	79.0	48.67800807952881
17	-14.196279	31.25648	63.13944	-122.271065	142.28572	-11.74097	72.651596	-0.21010871	-27.205835	170000	-2.2351743e-09	183.7558	-0.011933626	-14.182269	0.6953774	0.019780299	0.33639997	79.0	51.90462040901184
18	-7.359646	27.533957	95.26578	-81.44333	162.35715	-10.899431	90.58352	6.38979	-30.446163	180000	7.4505807e-10	148.04417	-0.01310612	-27.148632	0.67891085	0.026099533	0.3477	79.0	55.037219285964966
19	-13.74942	45.865677	54.287167	-152.87239	330.92307	-7.0769963	82.51317	5.4087224	-25.679344	190000	0.0	143.3105	-0.012300317	-16.274225	0.6649429	0.02444291	0.33760002	79.0	58.25425124168396
20	-9.253541	33.45075	36.9195	-59.97269	218.64	-3.9264343	75.193535	8.769589	-20.91345	200000	0.0	142.02252	-0.01628475	-3.3671253	0.65202767	0.0289076	0.3816	79.0	61.455649852752686
21	5.944562	27.459091	52.1403	-52.54742	142.73529	-3.2612743	67.22295	8.861767	-18.693636	210000	-1.4901161e-09	132.86575	-0.010647215	-20.69548	0.6374441	0.021293199	0.34179997	79.0	64.62532830238342
22	15.74654	38.91463	148.89003	-42.380104	171.96078	2.1624994	31.035603	13.786595	-12.72021	220000	-2.6077032e-09	215.0411	-0.01019457	-16.166563	0.6227138	0.024011975	0.33999997	79.0	67.73789548873901
23	33.857937	27.372875	146.90063	-6.847258	225.96153	3.3479867	58.740334	19.56849	-20.221558	230000	0.0	142.15527	-0.023015065	-23.575876	0.61077774	0.034120537	0.3973	79.0	70.92694735527039
24	19.929499	30.181593	108.512924	-37.226845	219.27272	7.5841327	98.3409	25.957024	-14.661827	240000	1.4901161e-09	184.11598	-0.014380394	-13.942683	0.5993586	0.026345992	0.3703	79.0	74.19367170333862
25	53.317856	46.09126	130.27142	-17.786144	444.33334	4.901548	102.60508	27.990059	-12.437199	250000	-6.519258e-10	107.85061	-0.025572564	-34.26595	0.58780646	0.032684322	0.435	79.0	77.46787309646606
26	27.456266	39.64601	130.39098	-33.547413	172.21875	11.25703	81.000885	30.937105	-3.9999642	260000	-8.8475643e-10	170.6015	-0.010865897	-16.631922	0.5692323	0.022209156	0.33069998	79.0	80.89888262748718
27	40.48099	34.56973	155.79102	-8.132906	203.03572	10.5650425	40.495205	33.666023	-6.6608543	270000	-9.313226e-11	171.9895	-0.011596918	-25.218418	0.5590549	0.025921892	0.35160002	79.0	84.08464527130127
28	42.800323	34.457577	176.10663	-23.68237	180.29546	14.15488	77.96778	34.225834	-4.2978387	280000	-2.7939677e-09	184.44597	-0.014740693	-13.370564	0.54675084	0.029093856	0.3658	79.0	87.33328413963318
29	69.46752	68.28338	201.75586	0.66136014	322.0625	12.10878	69.50541	33.415417	-7.9638047	290000	5.5879357e-10	129.71793	-0.01051558	-20.454006	0.53622484	0.023369871	0.3499	79.0	90.51663899421692
30	81.985306	79.00624	232.25395	1.0127312	327.0	15.869853	66.324066	33.356346	-1.4651555	300000	0.0	149.98727	-0.013576354	-17.982277	0.5231857	0.03228786	0.37860003	79.0	93.74874949455261
31	81.44011	72.816666	227.78899	-2.3872626	304.45	17.32335	81.98736	41.243267	-0.5146396	310000	-6.3329937e-09	204.82852	-0.016722647	-47.162056	0.51202554	0.030759465	0.38869998	79.0	97.05457758903503
32	153.73311	109.58268	422.19467	32.711967	606.4	21.33863	111.00966	62.079784	1.9422289	320000	1.4901161e-09	132.80153	-0.011701788	-19.92685	0.4989186	0.0250711	0.3665	79.0	100.28701257705688
33	67.2625	73.88835	266.81497	-10.08206	252.35	22.820557	79.21183	49.573353	5.3528504	330000	6.519258e-10	163.6865	-0.008547664	-32.24282	0.48455095	0.018332176	0.33189997	79.0	103.5008270740509
34	90.22676	87.49587	350.278	-3.5171273	257.8	23.413704	94.742325	42.544434	-8.516576	340000	3.7252904e-10	188.44797	-0.014076473	-21.710526	0.4764505	0.026178926	0.3863	79.0	106.57013607025146
35	130.71902	100.32643	388.90366	-9.594085	369.90475	26.372402	84.21399	49.684128	-6.5202346	350000	-2.2351743e-09	330.36407	-0.019476807	-60.790234	0.46381363	0.033363335	0.4165	79.0	109.62401914596558
36	126.7662	93.52609	311.62305	4.896802	388.5	23.890163	127.15147	55.777527	-12.572353	360000	2.4214386e-09	221.14102	-0.012376736	-41.320976	0.45016712	0.023404634	0.36869997	79.0	112.67404794692993
37	173.12837	164.92558	472.51318	-0.1449512	428.9375	29.26635	131.4256	54.285625	-7.5588346	370000	4.4703485e-09	317.18842	-0.009890979	-71.3087	0.43867072	0.020467797	0.343	79.0	115.71920776367188
38	168.09732	129.09369	485.62338	32.183727	441.1875	34.193417	111.28263	60.892204	-1.3219416	380000	2.2351743e-09	270.27148	-0.011517301	-31.395304	0.43084222	0.022954626	0.3724	79.0	118.77750515937805
39	127.5882	107.96611	347.9802	-20.063423	286.63635	34.43654	105.51762	60.872066	-3.4366746	390000	1.4901161e-09	245.64961	-0.012796867	-23.093681	0.41773492	0.021158313	0.35900003	79.0	121.85522794723511
40	160.49811	127.57252	421.5929	16.32454	404.29413	33.210133	75.381645	62.052254	-2.2003605	400000	4.4703485e-09	205.43892	-0.028422087	-20.078146	0.41301543	0.032731198	0.4447	79.0	124.91103386878967
41	142.87666	133.47261	425.16852	12.780393	304.4737	36.487858	109.65068	60.021584	0.21257307	410000	-2.9802323e-09	270.7675	-0.0195322	-40.173164	0.39951044	0.029427582	0.3993	79.0	127.98827528953552
42	341.49158	102.47954	477.0954	14.933933	751.5	35.385254	117.77191	60.696266	11.250189	420000	2.4214386e-09	245.67734	-0.026703577	-67.34297	0.38726756	0.029625107	0.4193	79.0	131.03752779960632
43	205.58736	224.51921	588.85046	4.1976495	430.5625	41.480022	193.33565	71.63924	10.535686	430000	7.4505807e-10	277.18146	-0.0066477037	-39.168705	0.37738892	0.018042497	0.30200002	79.0	134.0898792743683
44	316.46375	166.22078	488.69327	55.623302	758.5455	36.570076	162.64381	68.91568	2.5955856	440000	-2.2351743e-09	123.595436	-0.022934934	-28.459324	0.36595353	0.030082187	0.40739998	79.0	137.16288805007935
45	451.6876	129.68195	594.94727	19.401451	900.8182	38.81604	151.75075	69.26185	12.649652	450000	-1.1175871e-09	335.01474	-0.011192372	-125.13352	0.35610077	0.028692061	0.34750003	79.0	140.20703530311584
46	244.18309	162.31895	469.02408	1.925425	522.0	48.831837	204.91644	83.280304	14.981824	460000	-3.7252903e-09	245.85078	-0.02558342	-40.956562	0.3483477	0.028195059	0.4137	79.0	143.26577639579773
47	329.72363	216.63995	757.2455	1.8590895	608.53845	45.249107	162.0469	78.04073	18.40671	470000	2.9802323e-09	196.20184	-0.009916792	-36.28948	0.33844054	0.02545693	0.3345	79.0	146.3224413394928
48	315.89725	257.90155	658.74615	5.1716895	542.9286	50.82141	180.17532	82.85358	15.391193	480000	-5.5879357e-10	237.79219	-0.013244386	-24.407486	0.32910794	0.021641832	0.3623	79.0	149.40493822097778
49	245.11374	242.56302	609.9002	44.946854	405.7857	50.5384	173.99652	78.194664	9.397893	490000	-7.4505807e-10	343.44244	-0.008628687	-66.879776	0.32340497	0.01589758	0.32209998	79.0	152.47182250022888
50	314.43634	263.2543	650.7084	12.035606	501.375	52.933987	114.54644	84.21334	22.564482	500000	-7.4505807e-10	303.0747	-0.012865543	-28.956274	0.313369	0.022056995	0.3691	79.0	155.59304356575012
51	411.7665	217.2728	726.29736	17.087593	630.2143	54.170544	196.94882	83.986664	9.530222	510000	7.4505807e-10	377.84488	-0.010094153	-66.099174	0.30557576	0.020548197	0.3517	79.0	158.65007972717285
52	454.91864	203.18242	757.94684	172.1431	752.8182	54.95387	293.38022	88.11287	-4.4314246	520000	3.3527612e-09	277.75607	-0.013341638	-34.86373	0.29794112	0.021891497	0.3854	79.0	161.71360516548157
53	382.2341	350.59622	784.1688	32.751312	620.46155	55.98465	195.26654	85.53978	1.7241061	530000	7.4505807e-10	414.12506	-0.006410773	-59.379353	0.28626937	0.020842146	0.3188	79.0	164.77366304397583
54	458.2134	202.3832	768.1923	192.1735	786.8182	56.791862	259.67462	96.61074	23.242224	540000	1.3038516e-09	287.28903	-0.009982251	-46.637985	0.2789862	0.02173103	0.35180002	79.0	167.91715168952942
55	391.04504	298.50732	776.8302	14.809832	619.8333	55.536274	143.20003	87.743805	25.510965	550000	2.6077032e-09	281.17923	-0.010998102	-42.27362	0.27001473	0.020936534	0.3642	79.0	170.9705572128296
56	419.81772	315.9529	847.7963	108.99877	659.7692	55.193626	200.28043	89.511894	26.953281	560000	1.4901161e-09	257.78833	-0.008334616	-34.26618	0.25782803	0.015612732	0.3467	79.0	174.04195833206177
57	442.2401	233.1572	868.9845	84.911255	635.5455	59.92909	207.94678	101.98577	20.174538	570000	-2.6077032e-09	368.01065	-0.012679411	-46.925377	0.24832053	0.025450032	0.38630003	79.0	177.11389684677124
58	479.8296	358.42368	858.4989	28.400438	663.3333	60.40901	206.58952	94.24527	20.664309	580000	-9.313226e-11	405.82214	-0.00934531	-108.653885	0.23797145	0.017715553	0.36630002	79.0	180.16955590248108
59	439.49197	288.80582	816.2056	43.697548	599.4286	67.31012	260.32202	101.61819	27.077335	590000	-1.4901161e-09	295.66968	-0.014239281	-43.6286	0.22879598	0.02296629	0.3954	79.0	183.23214101791382
60	510.97247	262.14716	915.20325	52.095993	669.1818	66.90779	242.00035	93.99286	32.88672	600000	1.6763806e-09	303.90543	-0.011343847	-37.1056	0.21792814	0.02321468	0.3779	79.0	186.28882002830505
61	618.1487	226.64737	982.4457	180.97255	813.7273	70.15484	177.60509	105.55901	27.003319	610000	1.8626451e-09	343.41507	-0.00845415	-58.93108	0.20870301	0.018116359	0.3507	79.0	189.34380531311035
62	520.4417	246.1466	953.80676	218.10329	654.0909	71.526924	231.06535	101.88066	20.420673	620000	-9.778887e-10	312.39297	-0.011659687	-30.880594	0.2004017	0.020374918	0.3797	79.0	192.41227412223816
63	535.0239	283.66843	881.6634	167.38147	669.8182	71.13501	265.11475	100.98794	34.261307	630000	-3.7252904e-10	293.27066	-0.013485171	-40.599174	0.19152455	0.031176368	0.4151	79.0	195.46733164787292
64	415.59247	266.4546	833.6981	24.14851	517.53845	71.81336	244.70331	106.63975	33.36398	640000	-1.4901161e-09	419.40005	-0.010703725	-56.49948	0.17921048	0.01910624	0.3908	79.0	198.53138327598572
65	616.0781	382.3283	909.44366	221.26698	729.61536	71.20768	187.24783	103.43686	28.77688	650000	3.3527612e-09	475.0812	-0.013324727	-93.90981	0.17319846	0.02594757	0.40430003	79.0	201.58424377441406
66	442.71417	403.57565	958.45154	86.241806	519.61536	78.48615	204.51202	106.60432	41.22926	660000	1.1175871e-09	431.44522	-0.0080036055	-46.659954	0.16321658	0.018439732	0.34989998	79.0	204.64637851715088
67	643.2873	475.1342	1007.5498	30.887798	715.9167	80.216	193.47362	115.613495	38.691704	670000	-3.1664968e-09	391.98013	-0.01126807	-79.35684	0.15815698	0.02747624	0.3883	79.0	207.7008273601532
68	579.6236	328.10483	972.366	135.33893	655.6667	85.15939	185.06277	117.13288	36.592697	680000	-1.8626451e-09	453.60785	-0.015862523	-67.0369	0.1500954	0.02393597	0.42319998	79.0	210.7596879005432
69	718.49445	277.7903	1043.3301	21.72051	848.3	75.266846	337.28577	107.55219	37.40371	690000	-7.4505807e-10	285.93222	-0.013994877	-56.937553	0.13948512	0.025506284	0.41300002	79.0	213.8804407119751
70	685.3695	260.4611	1093.7314	196.14226	729.2727	84.73455	309.8093	110.15271	30.27426	700000	-4.0978194e-09	557.0164	-0.019228619	-60.825783	0.13300347	0.031579636	0.44379997	79.0	216.93449306488037
71	387.86984	216.22751	872.89166	18.494993	472.07693	76.24293	369.39246	116.33112	20.976877	710000	-1.4901161e-09	444.8553	-0.017950032	-75.45824	0.12059923	0.01862883	0.4169	79.0	220.00507950782776
72	670.5311	294.70322	1072.0752	73.51378	741.8182	73.2516	329.22467	110.75641	28.40015	720000	2.2351743e-09	354.38364	-0.01101118	-95.59374	0.10907583	0.02450029	0.38390002	79.0	223.07031273841858
73	724.8277	319.9052	1201.6235	225.66331	727.8182	92.48976	88.406624	118.72501	26.871147	730000	3.7252904e-10	555.88885	-0.009258127	-78.60292	0.09609846	0.019772654	0.3668	79.0	226.14551091194153
74	774.3075	208.77356	1030.2136	258.24084	815.3	89.96472	240.84	128.37727	39.94102	740000	7.4505807e-10	379.77716	-0.022966359	-43.04095	0.084065706	0.028954327	0.46000004	79.0	229.20287799835205
75	549.9081	355.09982	1100.5492	111.29922	526.3077	91.60589	214.52905	121.70577	44.641537	750000	-3.7252904e-10	529.0022	-0.013755212	-57.642273	0.07031436	0.016216297	0.38850003	79.0	232.2632040977478
76	625.35114	422.64365	1032.4286	37.965073	682.4545	85.93815	342.2108	119.26161	35.853027	760000	-4.703179e-09	522.9892	-0.0089103235	-106.58439	0.064517304	0.018889584	0.3582	79.0	235.33817195892334
77	660.2482	277.8715	996.4041	117.73524	695.2727	91.19269	382.37555	129.93802	30.366472	770000	3.7252904e-10	417.31577	-0.017535273	-49.667995	0.056495436	0.025685519	0.41260004	79.0	238.40182757377625
78	793.6077	245.71962	1095.7224	164.33583	825.5	86.71763	458.53198	123.32737	30.960354	780000	-5.2154063e-09	386.846	-0.015774552	-62.352398	0.046679404	0.023957264	0.42010003	79.0	241.45697212219238
79	754.2678	314.643	1227.6681	266.72476	696.4	97.18963	223.89912	128.17511	1.245651	790000	-5.5879357e-10	578.86096	-0.013630402	-71.08461	0.03719854	0.015306631	0.3909	79.0	244.51513504981995
80	613.347	385.75018	1174.8993	130.20306	615.9091	94.14941	487.37997	134.70604	35.503468	800000	-3.9115546e-09	383.16635	-0.011781174	-53.372997	0.030515883	0.018822154	0.38660002	79.0	247.57949590682983
81	987.3418	206.80542	1222.4967	550.5567	913.0	101.28391	275.2012	124.608574	43.507336	810000	-1.8626451e-09	291.02353	-0.014329439	-61.391285	0.020815147	0.021028807	0.40410003	79.0	250.64395594596863
82	766.8713	355.6749	1185.4103	68.034355	738.5	99.652565	485.5662	128.97443	48.314053	820000	2.2351743e-09	376.57825	-0.013887621	-36.64197	0.011417256	0.02252299	0.41260004	79.0	253.71399092674255
83	857.64764	429.54895	1305.2894	77.64837	741.1	97.75787	427.3072	131.961	37.33616	830000	-7.4505807e-10	444.41635	-0.008312729	-96.363075	-0.00013113212	0.021091381	0.3581	79.0	256.7878017425537
84	932.388	236.55223	1217.5944	484.65137	893.9	100.50942	524.42236	140.80054	2.0731082	840000	-3.5390257e-09	283.10114	-0.01578218	-49.260796	-0.007942378	0.02800636	0.4299	79.0	259.84897470474243
85	857.73724	422.5343	1270.7524	48.18083	716.5833	115.078766	45.590054	137.54672	-23.249254	850000	2.2351743e-09	521.894	-0.009876316	-63.634827	-0.016654357	0.015830074	0.37069997	79.0	262.9668810367584
86	845.0418	443.72952	1351.3276	150.39273	729.3333	103.46321	558.1346	142.05559	25.769102	860000	2.9802323e-09	556.43616	-0.0100040715	-87.41172	-0.024712102	0.021538317	0.3838	79.0	266.03982973098755
87	680.5115	573.74054	1304.4489	71.18844	571.1667	112.89341	330.6967	145.22543	-37.463425	870000	-1.0244549e-09	568.306	-0.0104813855	-94.56514	-0.031095866	0.020979349	0.38590002	79.0	269.1048402786255
88	735.5635	455.01813	1309.5228	37.84868	672.8	90.59344	610.15436	135.18443	-14.024003	880000	-3.7252904e-10	417.9563	-0.009504001	-77.0538	-0.03755871	0.023405535	0.3788	79.0	272.17188024520874
89	357.42227	317.33624	882.4013	52.33947	326.2353	97.81751	612.86017	150.08446	-23.61227	890000	1.4901161e-09	916.799	-0.009860505	-192.81863	-0.04591909	0.011379276	0.3861	79.0	275.2367057800293
90	917.90076	393.9932	1315.2764	230.90836	752.4	101.76627	245.31137	144.1607	-18.61786	900000	9.126961e-09	697.03485	-0.020437285	-234.57455	-0.049954355	0.03698094	0.45369998	79.0	278.3007843494415
91	885.418	400.20633	1331.4102	437.57187	761.0909	108.31765	587.821	145.40686	22.070858	910000	-6.7055224e-09	372.32797	-0.013947567	-64.36149	-0.061585	0.030665204	0.4125	79.0	281.36442732810974
92	743.42786	461.71057	1384.1771	118.53207	605.38464	109.32709	495.57797	149.09055	9.797717	920000	1.4901161e-09	658.15356	-0.010362991	-74.48476	-0.06704184	0.015391251	0.387	79.0	284.43544697761536
93	899.2596	413.34015	1313.3636	90.83622	785.6	105.75883	597.1117	145.2927	15.367773	930000	5.122274e-09	420.77997	-0.03070349	-48.94953	-0.07605266	0.036232047	0.49120003	79.0	287.49903774261475
94	759.3056	486.15204	1368.7594	56.041862	659.9091	103.03368	589.68976	153.28748	28.852411	940000	2.2351743e-09	553.567	-0.008455576	-71.10448	-0.08906025	0.015270057	0.34910002	79.0	290.5648057460785
95	1046.7289	383.8071	1453.5392	467.5553	816.6	114.19457	361.89456	153.79079	17.42837	950000	-1.8626451e-09	508.5843	-0.010716222	-135.38904	-0.09575125	0.0259648	0.3675	79.0	293.6381301879883
96	990.63116	551.599	1447.7883	220.19038	762.5	125.02275	389.31964	172.12393	45.261497	960000	2.9802323e-09	576.4442	-0.008747198	-90.08266	-0.10239647	0.017849574	0.3483	79.0	296.70379877090454
97	629.0035	361.96066	1126.5461	109.973045	627.6667	99.03687	669.39996	155.53448	-51.04512	970000	1.8626451e-09	511.6209	-0.017826265	-155.09634	-0.10841818	0.018456817	0.43050003	79.0	299.790607213974
98	1094.4872	367.72433	1517.5453	252.80872	887.7	105.70113	485.62207	145.68979	35.117714	980000	1.6763806e-09	562.6489	-0.008453937	-230.04427	-0.12198554	0.024946272	0.3661	79.0	302.8566312789917
99	654.1743	501.10767	1425.5593	39.735245	513.3125	120.9263	565.9036	156.56784	-13.6322975	990000	3.7252904e-10	873.9793	-0.00899584	-176.76436	-0.13038854	0.0066772155	0.3672	79.0	305.9899444580078
100	630.4977	379.48022	1406.2621	46.348164	558.53845	105.22149	754.46875	147.99051	-27.387688	1000000	4.0978194e-09	670.5635	-0.016724112	-85.337395	-0.13818146	0.02415603	0.4399	79.0	309.0706913471222
101	891.54626	518.9208	1474.9442	52.680645	652.63635	119.67381	393.36932	155.90996	-69.09684	1010000	0.0	716.2127	-0.0107404515	-112.30028	-0.14814782	0.019298613	0.3783	79.0	312.13750100135803
102	839.92084	620.694	1549.499	79.32683	618.8333	115.113235	602.73285	165.41359	-17.441856	1020000	2.6077032e-09	643.0375	-0.0079480205	-68.71193	-0.15669411	0.014018787	0.3672	79.0	315.214408159256
103	1050.3765	372.9128	1477.9679	232.94734	883.63635	111.12257	722.80725	158.07182	-69.54273	1030000	7.4505807e-10	336.15106	-0.01614007	-43.645752	-0.16450031	0.032949373	0.4472	79.0	318.27417182922363
104	834.78986	466.08917	1464.7502	153.41219	698.9167	118.51533	695.64606	157.51729	-39.953144	1040000	2.2351743e-09	619.13293	-0.012876166	-87.0839	-0.17339191	0.019621495	0.41329998	79.0	321.35159277915955
105	885.10547	439.28906	1469.6954	43.105743	639.8	119.4728	533.11127	153.64366	-32.723557	1050000	3.3527612e-09	755.96436	-0.01251589	-133.50674	-0.18152826	0.02536363	0.412	79.0	324.41565132141113
106	906.98376	311.3053	1497.8441	368.01068	842.5	107.3047	828.1977	155.16103	-18.049215	1060000	-1.8626452e-10	474.5328	-0.013570244	-76.93742	-0.19006485	0.016245369	0.4224	79.0	327.50377893447876
107	1326.059	247.20679	1599.5227	938.36127	931.7	125.26515	422.3374	157.47311	16.806252	1070000	7.4505807e-10	594.16425	-0.0125037525	-222.9049	-0.1988388	0.030234417	0.41270003	79.0	330.5691556930542
108	792.6711	421.41452	1258.545	41.30821	694.0909	115.63994	817.1753	166.18622	4.058491	1080000	1.4901161e-09	562.1641	-0.012962682	-104.32979	-0.20616917	0.010435194	0.4189	79.0	333.6480870246887
109	777.0871	568.26434	1555.3516	3.7699962	600.4286	120.01331	571.4349	156.61401	6.726198	1090000	-3.5390257e-09	757.24524	-0.012219145	-99.66185	-0.21599297	0.021324947	0.4241	79.0	336.7295718193054
110	878.5285	552.93823	1551.6206	85.6942	584.5833	134.70552	130.43835	165.10379	22.143536	1100000	0.0	825.07733	-0.011550808	-101.81514	-0.2271655	0.01636965	0.40200004	79.0	339.798308134079
111	1005.79865	527.9824	1594.049	25.79285	748.3	123.000786	751.013	164.09102	11.747505	1110000	-3.7252904e-10	627.49133	-0.0152024375	-93.08708	-0.23754051	0.02635127	0.44490004	79.0	343.06131315231323
112	902.2178	484.3352	1573.6572	141.48409	700.4	121.924515	879.31256	170.82617	-36.740654	1120000	1.1175871e-09	575.5828	-0.011082274	-74.98922	-0.24651103	0.019895611	0.41529998	79.0	346.1387975215912
113	840.6169	557.48145	1597.5328	78.36219	664.25	123.994865	785.3925	170.24243	15.429806	1130000	-3.1664968e-09	687.6167	-0.01123352	-114.58474	-0.25581363	0.019577669	0.40879998	79.0	349.20902252197266
114	999.4167	504.2014	1632.696	31.876997	761.2	117.718	589.6413	165.37619	-48.900078	1140000	-2.6077032e-09	483.50742	-0.012211154	-74.92595	-0.2630174	0.025156122	0.42650002	79.0	352.272011756897
115	1054.2227	436.42056	1589.2471	320.61893	793.0	124.27234	714.6465	167.74222	56.522186	1150000	-1.8626452e-10	473.4083	-0.011518936	-75.90685	-0.27232084	0.025346886	0.42729998	79.0	355.3417098522186
116	1015.331	610.6441	1725.7119	152.25713	752.9091	125.732574	872.0102	173.54193	-88.17801	1160000	-1.6298145e-09	632.7659	-0.007995387	-87.89715	-0.28251627	0.010976045	0.38210002	79.0	358.4122176170349
117	737.6913	382.85355	1510.8176	27.230417	539.6923	126.385864	675.6904	179.4565	-62.79879	1170000	5.5879354e-09	860.25964	-0.01809282	-129.91325	-0.2923839	0.013375968	0.4729	79.0	361.4904794692993
118	1113.3683	567.40576	1639.3119	279.54376	751.36365	132.2921	575.5344	173.90527	-41.17303	1180000	1.4901161e-09	683.5407	-0.010894691	-176.50177	-0.30061287	0.025829157	0.4203	79.0	364.55200815200806
119	1116.6385	424.143	1642.9825	138.09068	884.0	118.37061	863.8481	176.1422	-78.531	1190000	-5.2154063e-09	311.23383	-0.012391808	-67.44681	-0.30583534	0.026702374	0.4368	79.0	367.6275179386139
120	1335.8743	329.5692	1739.4761	800.1515	974.2	128.76779	819.8024	175.24522	-41.732708	1200000	2.4214386e-09	630.41754	-0.010011317	-162.13266	-0.3117717	0.034275156	0.42810002	79.0	370.6842038631439
121	1223.4253	659.0668	1718.8269	232.62503	771.25	149.95596	446.6843	187.06949	-15.040177	1210000	2.9802323e-09	772.7982	-0.014933787	-121.34712	-0.32291913	0.02012194	0.4471	79.0	373.7485055923462
122	1337.5862	494.4318	1679.7008	7.782885	901.1	145.45454	623.6228	182.39665	31.605495	1220000	-3.7252903e-09	333.0144	-0.012192773	-66.0978	-0.33476838	0.038515363	0.442	79.0	376.814653635025
123	1217.9171	498.55887	1714.3384	301.19678	828.7273	145.67543	645.88416	189.04393	47.825623	1230000	5.9604646e-09	680.52985	-0.009149864	-99.36792	-0.3406618	0.020322401	0.3974	79.0	379.8887851238251
124	1055.8496	375.4973	1579.4229	202.44582	874.1	117.80629	952.6482	177.33533	-60.927082	1240000	-5.5879354e-09	492.32846	-0.025777686	-62.49302	-0.34850895	0.027375579	0.50740004	79.0	382.9689712524414
125	931.8842	467.01627	1612.4331	10.258711	722.0833	116.74225	935.7522	173.90471	-60.315	1250000	-3.7252903e-09	496.5833	-0.014459377	-81.146835	-0.35951313	0.025558924	0.44119996	79.0	386.1184072494507
126	1077.0789	569.5496	1754.8383	318.13516	739.9091	135.82838	765.03345	174.09991	0.3815331	1260000	-1.3038516e-09	777.7992	-0.00952834	-106.07491	-0.3714623	0.024439245	0.40109998	79.0	389.1799101829529
127	984.88086	568.61957	1625.6465	47.45418	719.2727	130.32687	795.15216	180.51059	-10.421137	1270000	-1.4901161e-09	500.16132	-0.009958227	-91.513145	-0.3757206	0.018141545	0.40819997	79.0	392.248655796051
128	1296.5808	480.2565	1764.4436	413.31146	778.8	150.85878	28.445692	176.05962	39.204224	1280000	-3.7252903e-09	708.1133	-0.015925962	-176.69803	-0.38348946	0.025567222	0.4321	79.0	395.30212020874023
129	1179.683	651.75464	1854.9694	17.54305	720.25	154.68948	309.2472	188.21916	-43.260063	1290000	-1.4202669e-09	745.2502	-0.008455314	-102.63519	-0.38999847	0.016089419	0.3777	79.0	398.35871052742004
130	1050.0084	588.6694	1739.2635	28.827105	753.9167	137.91707	962.1992	200.9864	30.241148	1300000	4.0978194e-09	858.2871	-0.009334868	-192.65689	-0.3984439	0.006701154	0.3964	79.0	401.4128625392914
131	1476.7887	319.7551	1863.4043	912.2468	955.4	136.83585	609.3137	177.78294	-4.248604	1310000	1.6763806e-09	640.67883	-0.00962379	-259.92252	-0.40564623	0.036764078	0.40570003	79.0	404.474196434021
132	1117.0983	626.1776	1785.4886	253.48058	742.2727	141.72887	1014.7889	205.69843	49.511467	1320000	6.3329937e-09	711.82666	-0.009502453	-84.49159	-0.41242132	0.02082039	0.40809998	79.0	407.53627943992615
133	1069.1531	598.21295	1846.6221	108.04203	760.6667	131.02336	1096.7938	183.41913	-43.072906	1330000	7.4505807e-10	739.65344	-0.008175964	-92.604065	-0.4198614	0.01786502	0.4072	79.0	410.61770820617676
134	1088.8993	539.40424	1772.5923	155.84889	683.9091	151.30614	414.0366	188.75851	-84.15076	1340000	-1.6763806e-09	916.6302	-0.013596976	-118.06853	-0.42848262	0.016562648	0.45499998	79.0	413.700355052948
135	1113.4025	780.1155	1852.1044	104.57999	793.8333	128.11731	789.11066	195.21056	12.5137615	1350000	6.519258e-10	573.56946	-0.007953333	-120.02544	-0.43821055	0.018736513	0.39369997	79.0	416.85671186447144
136	994.6473	727.3557	1794.1998	67.17901	665.25	143.5355	833.0165	193.08452	16.547665	1360000	-3.3527612e-09	726.28687	-0.009401279	-134.20204	-0.44585052	0.01729848	0.4067	79.0	419.94001722335815
137	1417.7815	551.2105	1858.8842	313.73444	849.36365	153.02142	586.6547	188.65	24.480135	1370000	5.401671e-09	756.63855	-0.010324883	-211.42513	-0.45299464	0.033187773	0.4307	79.0	423.00233340263367
138	1297.8503	653.4341	1856.6652	54.445404	752.0	163.3883	419.9485	197.22293	-12.496147	1380000	-3.7252903e-09	791.3634	-0.008938081	-101.855385	-0.46172556	0.016087	0.4032	79.0	426.1329393386841
139	1157.3375	657.6711	1771.8645	156.81348	776.7273	142.2865	1030.9908	196.1463	-61.404694	1390000	-5.9604646e-09	589.0215	-0.012334227	-145.86401	-0.46609956	0.026518732	0.45110002	79.0	429.20169591903687
140	1194.3496	697.7087	1864.0358	153.65549	800.7273	135.43257	1091.2346	183.83434	28.70205	1400000	-7.4505807e-10	710.02185	-0.0063680457	-108.514725	-0.47651806	0.0157374	0.38140002	79.0	432.26453280448914
141	1329.8118	502.4651	1795.6627	65.12661	882.0	146.10619	893.55505	202.24998	-20.194653	1410000	-1.15484e-08	584.2813	-0.022760315	-97.75238	-0.48295635	0.029148301	0.502	79.0	435.32286286354065
142	1093.0323	554.13446	1820.13	134.44612	681.1667	154.81392	869.8609	202.344	-101.532455	1420000	7.4505807e-10	846.679	-0.0119855525	-97.26292	-0.49405256	0.014565015	0.42209998	79.0	438.405695438385
143	1137.511	587.39355	1827.422	272.0867	686.3	151.6218	836.03284	190.77519	-67.37465	1430000	-5.448237e-09	851.8219	-0.013383919	-97.68201	-0.5018793	0.01943923	0.4408	79.0	441.46026372909546
144	1218.0236	533.1008	1889.4497	552.4876	777.7273	149.6007	780.9392	195.60365	-73.14113	1440000	3.7252903e-09	667.8988	-0.012911379	-87.276764	-0.50762546	0.02476083	0.4455	79.0	444.54018926620483
145	1356.9154	660.2492	1848.0875	159.17586	820.6	157.13814	809.6492	186.81941	10.591835	1450000	2.9802323e-09	521.4403	-0.009410842	-115.36357	-0.51726246	0.030045021	0.40810004	79.0	447.60580945014954
146	1148.9365	728.3715	1861.9307	55.074677	655.36365	160.9558	833.9108	199.93343	-29.65518	1460000	2.9802323e-09	765.0863	-0.009423677	-107.838585	-0.52642375	0.008933367	0.4105	79.0	450.6743540763855
147	900.787	553.48096	1890.9175	3.3967159	583.6429	152.02948	986.2132	199.00745	-103.06799	1470000	-2.9802323e-09	1144.6797	-0.011156933	-206.0813	-0.53171355	0.012666851	0.4268	79.0	453.73325753211975
148	1139.2366	600.4628	1918.5466	165.51561	666.0909	156.04005	453.82562	200.84416	-132.57507	1480000	1.4901161e-09	1088.9678	-0.0136700515	-185.10506	-0.541625	0.029255897	0.45450002	79.0	456.79984307289124
149	1385.5083	532.91736	1869.5862	390.02374	845.9091	153.10797	794.9591	200.0476	-114.5507	1490000	-1.6205012e-08	746.68243	-0.014305228	-128.42648	-0.553749	0.035928443	0.4722	79.0	459.8650391101837
150	1396.9021	501.787	1897.2487	509.13675	861.9	152.51234	870.97424	195.57498	-27.735273	1500000	-2.2351743e-09	629.66364	-0.014598379	-97.82613	-0.562994	0.039403446	0.46820003	79.0	462.9446704387665
151	1321.1581	367.52707	1820.2301	763.4529	944.9	139.06808	1113.8739	204.29633	-48.108578	1510000	3.7252903e-09	480.39862	-0.0139124	-91.95722	-0.5689455	0.027274087	0.4561	79.0	466.0675618648529
152	1366.0684	471.65555	1840.9036	347.01514	917.3	141.17287	1010.22614	192.55255	5.1471586	1520000	1.4901161e-09	334.45822	-0.0104628075	-89.82554	-0.57554185	0.032944515	0.45499998	79.0	469.21893858909607
153	1272.3605	748.71375	1945.072	277.25858	750.9167	159.9699	650.84906	199.44809	-98.6756	1530000	6.7055224e-09	750.1497	-0.009772034	-73.7567	-0.58598846	0.020714972	0.4179	79.0	472.2834074497223
154	1052.321	712.4653	1881.2775	58.696194	629.6923	151.79283	877.8888	199.3387	-28.74534	1540000	9.685754e-09	1010.1175	-0.007883213	-178.71155	-0.59334975	0.003560117	0.40160003	79.0	475.37375950813293
155	1149.2015	653.84814	1857.1069	110.60442	781.0	141.32822	1069.6356	191.7185	12.067776	1550000	-2.2351743e-09	536.588	-0.008570081	-101.928795	-0.6005192	0.022079831	0.41990003	79.0	478.4590275287628
156	1128.0975	613.8424	1885.9424	284.5052	739.8182	142.67685	962.3384	193.35594	-63.77378	1560000	3.7252903e-09	655.3411	-0.013952228	-118.53153	-0.6106737	0.021751288	0.45880002	79.0	481.52651715278625
157	1643.4294	339.64444	2010.8141	902.13055	959.2	156.61238	792.11774	191.99098	19.937016	1570000	-9.685754e-09	713.94147	-0.009307578	-240.20439	-0.6165381	0.040760163	0.43129998	79.0	484.58949065208435
158	1533.1604	419.75522	1897.8127	532.85284	918.4	156.8071	838.45154	206.42667	-39.57254	1580000	5.2154063e-09	543.5125	-0.014800852	-109.886986	-0.62051666	0.035712093	0.4746	79.0	487.86276149749756
159	1642.6593	514.45557	1984.1306	100.03522	884.2727	175.65356	388.1494	204.06696	-35.436718	1590000	1.4901161e-09	587.2876	-0.00926573	-112.18494	-0.6288486	0.026544312	0.4203	79.0	490.9305543899536
160	1344.7742	611.47473	1971.4401	191.14091	804.9	166.32501	988.6698	205.90025	-39.43001	1600000	2.9802323e-09	611.04626	-0.01714389	-98.61877	-0.63713866	0.022994569	0.48229998	79.0	494.01250410079956
161	1501.1355	630.33203	2001.6265	105.2423	837.1	172.44034	779.8655	204.06067	-43.509792	1610000	1.1175871e-09	561.93445	-0.014752366	-143.32976	-0.6445435	0.041865844	0.47790003	79.0	497.09898233413696
162	1458.4556	537.5151	1943.5381	144.99399	906.3	158.50876	1042.1721	214.45059	18.91886	1620000	5.355105e-09	384.2627	-0.014763871	-64.057205	-0.6510069	0.026440227	0.46660003	79.0	500.3606538772583
163	1566.98	481.53156	1949.8046	510.95868	907.7	167.99416	982.20306	203.2968	-4.3630724	1630000	-1.4901161e-09	510.71396	-0.011678179	-88.34493	-0.66135067	0.024621004	0.43659997	79.0	503.4385232925415
164	1433.978	443.03738	1925.5442	765.48694	838.7	168.14543	980.096	205.7411	-29.852947	1640000	-1.8626451e-09	662.7091	-0.021958057	-120.99447	-0.6671674	0.036090598	0.49729997	79.0	506.50562739372253
165	1295.4431	562.16614	2003.3536	413.22507	798.9	154.27843	1030.3702	204.78975	-27.071583	1650000	1.4901161e-09	792.45215	-0.009107351	-127.81527	-0.6749108	0.018801572	0.40749997	79.0	509.65226435661316
166	1465.1875	425.93314	1964.2643	795.34894	916.1	151.35226	1101.6727	203.26471	-4.938969	1660000	0.0	576.9913	-0.010748874	-101.159424	-0.68208945	0.038094766	0.448	79.0	512.7637956142426
167	1576.3475	507.55325	2021.2786	318.56006	879.9	172.5171	627.7985	206.04752	-13.223935	1670000	-2.9802323e-09	700.8779	-0.008487036	-81.16858	-0.68807137	0.024805691	0.4158	79.0	515.8461372852325
168	1147.9005	590.7663	2036.6494	451.08582	724.5833	153.7138	1184.2684	219.6263	-170.71713	1680000	4.842877e-09	979.2502	-0.010575663	-169.37524	-0.69732183	0.011009881	0.41880003	79.0	518.9260632991791
169	1588.9989	475.86594	1972.1201	488.9896	900.0	162.07957	844.13855	202.16776	23.643164	1690000	4.842877e-09	568.86505	-0.012512431	-164.07478	-0.70513207	0.040608644	0.4651	79.0	521.9982862472534
170	1545.5312	631.14417	2031.4224	446.0988	875.1818	168.5929	1065.1381	206.62784	-48.228134	1700000	-1.1175871e-09	680.5087	-0.009526317	-102.70268	-0.71379346	0.026741743	0.43559998	79.0	525.0736656188965
171	1479.8005	695.2915	2112.3552	87.19471	793.5	175.76904	916.7112	215.55392	-2.3765388	1710000	-6.519258e-09	753.2419	-0.009092395	-120.679054	-0.72032124	0.025334219	0.4134	79.0	528.1469600200653
172	1465.1283	529.2914	1942.6	440.4605	834.8	176.1621	622.671	211.29572	-19.2356	1720000	8.475036e-09	778.2419	-0.016472925	-134.11868	-0.72874993	0.022034978	0.4921	79.0	531.2990484237671
173	1586.787	700.0808	2051.3618	262.32394	876.8182	171.34071	945.9448	206.19093	1.4304309	1730000	-4.4703485e-09	729.6214	-0.008768896	-129.6783	-0.7362744	0.027933802	0.4206	79.0	534.3687062263489
174	1406.5166	601.7394	2099.2478	4.6060696	822.9	167.28987	977.9528	215.7498	-50.26551	1740000	7.4505807e-10	603.5629	-0.010341674	-87.89625	-0.74432766	0.030815491	0.4382	79.0	537.4588770866394
175	1416.7021	385.48956	2172.0457	952.8619	882.6	157.25592	994.92566	212.7145	-164.3998	1750000	5.2154063e-09	809.4367	-0.010961098	-89.2559	-0.7506387	0.024098435	0.45239997	79.0	540.5406918525696
176	1836.7539	261.13995	2020.0662	1105.4973	938.9	183.80986	82.65367	210.09746	75.04622	1760000	-2.0489097e-09	573.3128	-0.015581645	-116.37571	-0.75861734	0.0420821	0.4866	79.0	543.6027297973633
177	1009.8911	480.07037	2053.4697	261.97928	801.2	123.710976	1352.5273	210.22835	-75.2855	1770000	1.0244548e-08	819.28546	-0.012695012	-226.61081	-0.7685662	0.0060014147	0.4296	79.0	546.6925692558289
178	1206.9716	689.1602	2019.7493	5.8545675	727.0909	146.28763	1037.413	200.03633	-113.540665	1780000	1.4901161e-09	757.09247	-0.009004072	-231.66817	-0.780609	0.038721897	0.43710002	79.0	549.7781937122345
179	1455.0771	431.31586	2028.6049	633.79205	837.0	165.5808	768.9057	219.70007	-186.16867	1790000	-3.7252904e-10	852.0516	-0.01840247	-120.097916	-0.7895374	0.030159716	0.5137	79.0	552.8526153564453
180	1551.4277	558.5147	1993.5696	301.388	854.5	171.79149	722.1308	216.71289	-60.17875	1800000	2.9802323e-09	655.88837	-0.012892137	-63.10122	-0.7989262	0.031054992	0.46139997	79.0	555.9108402729034
181	1530.2804	413.63525	2005.7749	854.2718	948.0	153.09073	1208.6475	214.13268	-72.07752	1810000	9.313226e-09	571.05096	-0.012911228	-76.74133	-0.80640715	0.02471611	0.47010002	79.0	558.9828450679779
182	1701.4135	423.95627	2051.7117	870.60583	1000.0	162.60672	1237.6353	208.15985	37.232727	1820000	0.0	274.71564	-0.009901775	-82.557175	-0.81340015	0.044127263	0.45999998	79.0	562.0438177585602
183	1031.8147	626.91626	2017.7463	146.35445	629.6667	171.30963	1226.5951	216.20749	2.980621	1830000	-8.940697e-09	1342.9868	-0.011230824	-326.18677	-0.8188242	-0.00064752065	0.43769997	79.0	565.1105842590332
184	1317.7875	643.9382	2114.1167	197.50789	834.2	142.70036	1167.3531	205.95491	-27.330399	1840000	7.4505807e-10	622.80286	-0.0076665706	-147.90695	-0.8297759	0.029462527	0.421	79.0	568.2095777988434
185	1493.9562	519.6486	2009.9672	409.0547	924.2	158.52928	1152.1871	219.09149	18.53407	1850000	-3.7252903e-09	473.81036	-0.012611012	-77.550545	-0.83790386	0.035541214	0.481	79.0	571.2965798377991
186	1472.4318	578.057	2056.34	537.06	926.5	152.4722	1450.6226	210.28485	8.180302	1860000	-7.823109e-09	419.18906	-0.010073415	-119.15873	-0.84752053	0.036892228	0.4534	79.0	574.3557744026184
187	1416.9343	547.8675	2027.476	344.6042	838.5	169.82272	782.5651	221.74875	-38.335236	1870000	-2.8312206e-08	632.72003	-0.020760259	-139.93085	-0.85508794	0.03195303	0.53669995	79.0	577.4239592552185
188	1646.2751	416.40323	2124.0408	916.4629	947.1	167.47356	1055.6095	212.59457	-19.682415	1880000	7.450581e-09	445.03198	-0.012279702	-72.48801	-0.8690292	0.033313535	0.47060004	79.0	580.4810309410095
189	1533.2861	721.2793	2111.7104	162.53722	792.9	183.27277	662.5434	220.75035	-9.129565	1890000	-7.0780515e-09	737.2313	-0.014130443	-83.59133	-0.8768724	0.029894933	0.47660002	79.0	583.5464391708374
190	1683.7656	357.7379	2074.32	981.36536	1000.0	163.46577	1137.958	220.22057	48.404823	1900000	-1.1175871e-09	327.8041	-0.017017255	-46.270653	-0.8861535	0.04386	0.5028	79.0	586.6091911792755
191	1080.1825	581.79987	2123.4739	300.92175	763.9	142.63257	1388.9105	220.01314	-96.19595	1910000	-5.7742e-09	716.68884	-0.0116990525	-123.24519	-0.8975608	0.0018952207	0.4238	79.0	589.7024376392365
192	1556.7721	619.30695	2085.5242	55.31195	812.5	173.95293	612.5331	210.61629	-84.477295	1920000	-1.3038516e-09	816.5397	-0.008793993	-151.30602	-0.9057313	0.027068665	0.4354	79.0	592.7663516998291
193	1580.7039	568.70966	2050.1235	181.19359	891.36365	166.54718	968.3816	217.21858	-12.649308	1930000	0.0	626.8639	-0.010244258	-122.777115	-0.91299665	0.03451991	0.4609	79.0	595.8343639373779
194	1521.343	425.4386	2007.774	800.48663	921.4	164.4917	1160.5542	219.17133	-95.32228	1940000	7.823109e-09	762.04004	-0.016208248	-114.132164	-0.9217285	0.025644857	0.49770004	79.0	598.9002201557159
195	1416.0986	615.1102	2178.064	353.0707	834.3	155.47937	936.72406	210.41064	-23.423595	1950000	-9.49949e-09	594.45685	-0.009568496	-76.03851	-0.9297741	0.028304553	0.4447	79.0	601.9579620361328
196	1523.2216	779.7565	2184.443	315.92722	747.2727	179.53436	618.72296	212.29375	-81.65131	1960000	9.87202e-09	1019.8705	-0.009507617	-147.07663	-0.9370283	0.023668928	0.42589998	79.0	605.020934343338
197	1725.3551	437.0936	2166.81	941.18353	947.9	173.94409	1031.071	219.41098	-30.038801	1970000	-5.5879357e-10	581.3631	-0.010424003	-112.71301	-0.94310236	0.03669349	0.4659	79.0	608.0897946357727
198	1395.802	586.14935	2117.4875	396.73306	917.2	145.65125	1506.8634	223.7616	-1.8992878	1980000	3.7252903e-09	624.5924	-0.011918958	-131.95854	-0.9486035	0.01625997	0.448	79.0	611.1751363277435
199	1197.5586	616.3279	2088.9426	73.560524	675.5	173.4063	885.0321	221.67798	-0.10968205	1990000	-7.4505807e-10	909.7492	-0.01883186	-166.84355	-0.9548756	0.033527795	0.5345	79.0	614.2405984401703
200	1240.7002	508.4977	1968.4395	353.97766	790.0	158.5342	1144.3516	216.4204	-146.35912	2000000	5.5879354e-09	806.68634	-0.017827684	-164.31735	-0.9658265	0.04167382	0.5119	79.0	617.3268983364105
201	1650.6158	679.7838	2118.8804	127.85926	835.1	166.95988	867.9227	219.25534	-31.89867	2010000	-5.2154063e-09	792.4003	-0.010494748	-254.00229	-0.97540236	0.041407034	0.44829997	79.0	620.4027514457703
202	1204.2732	569.29865	2051.356	266.269	670.61536	179.8723	1030.1306	225.03821	-24.110971	2020000	-1.4901161e-09	1456.4563	-0.011863489	-326.60254	-0.97984827	0.0049247146	0.4506	79.0	623.485063791275
203	1585.7974	846.6274	2199.1453	57.660618	777.5	182.27946	364.6882	211.9655	-211.51236	2030000	-7.823109e-09	929.45264	-0.0096842665	-295.2165	-0.9916299	0.03763135	0.45100003	79.0	626.5351083278656
204	1532.8057	645.25824	2134.1672	81.99039	865.2	166.9841	1328.9583	221.9143	-190.29926	2040000	-1.3411045e-08	580.11755	-0.012808991	-61.901237	-0.9999021	0.025018718	0.47439998	79.0	629.6185176372528
205	1277.2451	585.56586	2111.8713	208.51018	782.3	169.10985	1244.3082	221.8813	17.101221	2050000	1.0430813e-08	829.8999	-0.016867949	-135.23933	-1.0103312	0.017769424	0.5036	79.0	632.7686488628387
206	1347.8654	747.88776	2140.9688	84.33037	685.2	176.33168	1076.9916	222.96138	-239.07921	2060000	1.0803342e-08	958.07196	-0.010335448	-163.15796	-1.0223253	0.03739801	0.4691	79.0	635.8361346721649
207	1521.907	658.8574	2110.43	309.8687	786.2	173.41043	877.40454	221.2458	-76.471855	2070000	-1.8160791e-09	717.3622	-0.01238689	-100.4201	-1.0256912	0.027380105	0.4611	79.0	638.901486158371
208	1673.2252	555.3702	2124.8606	483.47385	815.2	193.1197	229.11429	218.80486	-69.43098	2080000	-2.2351743e-09	719.11835	-0.014526916	-112.016174	-1.03113	0.036218382	0.48720002	79.0	641.9694514274597
209	1670.3206	466.77997	2162.507	921.9643	947.1	173.60783	1267.1178	223.5654	21.591763	2090000	5.401671e-09	446.4462	-0.011571801	-68.222694	-1.0387447	0.037641622	0.48639998	79.0	645.0302081108093
210	1526.129	455.02643	2145.7734	902.3485	896.4	162.42984	1103.6459	223.04399	-48.11012	2100000	-3.7252904e-10	703.3956	-0.00991181	-138.59763	-1.0482455	0.014717785	0.44590002	79.0	648.1011245250702
211	1804.2067	352.22415	2175.6997	1169.4111	907.8	184.59537	624.2247	218.84163	23.063616	2110000	-8.940697e-09	832.6027	-0.010999669	-131.08328	-1.0569619	0.03734992	0.468	79.0	651.1658515930176
212	1837.5582	409.5099	2162.095	1073.3079	1000.0	173.91089	1208.6172	219.07646	-26.030266	2120000	7.4505807e-10	344.49518	-0.012027243	-103.255295	-1.0639515	0.05409922	0.4867	79.0	654.2187547683716
213	1817.0367	526.3653	2142.9675	366.76248	915.1	198.54242	590.97034	224.75758	-15.696543	2130000	7.450581e-09	422.53915	-0.0114033	-33.06065	-1.0678936	0.036934555	0.49060002	79.0	657.2851314544678
214	1615.976	584.84094	2174.5483	354.8127	815.1	187.10225	847.5819	223.97418	41.01298	2140000	-7.4505807e-10	819.27423	-0.010531673	-97.643906	-1.0771937	0.02440139	0.4763	79.0	660.3492114543915
215	1557.5898	661.3299	2132.3477	515.43463	834.0909	174.75981	802.18506	217.06786	-206.11552	2150000	3.7252904e-10	665.1983	-0.008475387	-121.29216	-1.0875058	0.016897675	0.4436	79.0	663.4134666919708
216	1506.8234	633.80096	2238.7556	98.992004	823.4	169.6556	1047.3722	213.95299	-34.172108	2160000	8.5681675e-09	824.2731	-0.008904731	-95.42838	-1.0921466	0.022819107	0.45420003	79.0	666.4842259883881
217	1163.6648	647.67114	2212.166	282.5849	664.8	170.55113	1245.3408	222.70457	-95.92418	2170000	1.2665987e-08	1215.4077	-0.011242896	-169.87097	-1.1015569	0.014490279	0.47539997	79.0	669.553346157074
218	1928.8928	291.1242	2222.048	1266.9637	1000.0	175.32211	796.8955	219.70146	24.497398	2180000	-6.7055224e-09	624.42566	-0.014140251	-235.04953	-1.1114215	0.06537454	0.5269	79.0	672.6192178726196
219	1788.3708	449.7966	2172.794	871.10297	990.2	177.5826	1408.8604	227.82123	49.93767	2190000	4.842877e-09	586.7201	-0.011723031	-75.34174	-1.1176443	0.029589066	0.48330003	79.0	675.7930154800415
220	1434.6902	543.79645	2162.6155	235.09914	828.7273	174.2034	1046.7753	234.05057	-55.41598	2200000	-1.359731e-08	920.03503	-0.014183862	-232.22417	-1.1278633	0.019762775	0.48839998	79.0	678.875715970993
221	1730.8452	717.7597	2286.0684	233.4745	819.63635	189.55771	322.1709	217.12167	23.857105	2210000	4.0978194e-09	940.6273	-0.00877131	-220.66382	-1.1359515	0.033890955	0.44829997	79.0	681.9337065219879
222	1477.7334	939.11176	2151.274	83.437965	779.36365	185.40546	961.32416	229.042	-17.771389	2220000	1.21071935e-08	751.124	-0.013516304	-112.3854	-1.144608	0.02917907	0.5032	79.0	684.9890224933624
223	1499.7568	438.47168	2097.6184	761.5333	936.1	152.84549	1112.5212	224.08511	26.012379	2230000	7.450581e-09	699.0642	-0.017350785	-144.10402	-1.1550558	0.015686935	0.5066	79.0	688.0677802562714
224	1512.8666	623.26404	2209.104	149.14722	813.7	171.85785	985.10724	219.63173	55.717125	2240000	5.2154063e-09	804.81445	-0.010554167	-173.48521	-1.1635509	0.042839546	0.47209996	79.0	691.1474456787109
225	1876.5693	481.49844	2259.522	950.1431	1000.0	177.93121	1326.7666	222.76868	55.518406	2250000	1.0430813e-08	463.56046	-0.008176396	-110.04791	-1.1729636	0.047029216	0.4557	79.0	694.2199475765228
226	1666.1848	609.51794	2211.9583	503.89166	853.6	189.97386	1034.5184	238.59677	-72.206024	2260000	4.0978194e-09	760.66736	-0.009650728	-128.7521	-1.1797763	0.021143863	0.46140003	79.0	697.2875692844391
227	1606.8528	514.8308	2314.4639	670.456	914.4	163.96216	1209.119	221.82884	-80.333466	2270000	-4.749745e-09	701.8537	-0.008263526	-91.175476	-1.1881077	0.026930546	0.4557	79.0	700.3574447631836
228	1592.0847	721.6399	2191.881	103.513695	828.0	190.78758	978.8728	226.80418	-97.30318	2280000	5.5879354e-09	515.52155	-0.011913719	-61.80017	-1.1955833	0.03263461	0.4842	79.0	703.4154512882233
229	1860.6218	441.05136	2240.819	1052.0509	951.0	184.34393	1040.494	232.13362	-65.98573	2290000	-3.7252903e-09	546.1955	-0.0078780325	-77.87599	-1.2029555	0.029414436	0.45419997	79.0	706.4964303970337
230	1720.7256	372.15475	2187.1313	1078.0782	980.4	171.68555	1226.5107	235.90536	29.488428	2300000	9.685754e-09	596.8829	-0.01569824	-104.623535	-1.2131436	0.042554133	0.54910004	79.0	709.5710589885712
231	1581.3024	892.7142	2275.6487	198.51703	791.5455	187.24796	1058.6426	223.1427	3.6092572	2310000	5.9604646e-09	1053.8007	-0.00870855	-177.77339	-1.2239974	0.032489732	0.48509997	79.0	712.6326084136963
232	1942.8127	371.03735	2255.0278	996.36127	1000.0	187.40125	1132.1857	234.4698	-14.226412	2320000	5.5879354e-09	376.21942	-0.012426635	-48.805737	-1.2316172	0.052916817	0.5137	79.0	715.8067071437836
233	1561.5398	451.1505	2252.1729	899.8055	942.9	165.54686	1393.4908	241.24512	40.809395	2330000	4.93601e-09	910.8382	-0.012116427	-179.98833	-1.2366341	0.019298974	0.48059997	79.0	718.8920207023621
234	1752.8086	495.2336	2350.1145	1021.54	1000.0	163.41507	1416.8645	232.26944	-57.674538	2340000	3.7252903e-09	404.28445	-0.009295754	-127.664856	-1.2443104	0.054381132	0.4743	79.0	721.9650297164917
235	1742.4739	429.241	2233.662	1147.7247	962.7	176.22716	1344.9928	230.14561	-38.03342	2350000	-5.2154063e-09	396.94904	-0.0134669095	-54.34073	-1.2530386	0.036433376	0.51610005	79.0	725.0377187728882
236	1406.4773	647.7928	2255.6223	307.16574	801.8	172.8486	1327.3529	228.21283	-200.47641	2360000	5.5879357e-10	774.36554	-0.012641711	-101.96788	-1.2598014	0.022024821	0.49580002	79.0	728.1166319847107
237	1686.7627	648.4678	2284.5376	157.02298	865.7	189.30528	1034.4333	227.48315	64.67637	2370000	3.9115546e-09	759.6546	-0.012084988	-112.59916	-1.2702435	0.04178064	0.5171	79.0	731.1863312721252
238	1909.0758	316.05145	2278.8862	1358.6652	969.6	189.8991	959.9162	229.45901	55.805706	2380000	2.2351743e-09	573.304	-0.013755361	-68.04274	-1.2790529	0.036046922	0.522	79.0	734.2539255619049
239	2151.6978	39.92359	2232.7961	2097.4036	1000.0	213.48895	29.165152	231.7055	112.62691	2390000	3.8743018e-08	192.7376	-0.02192604	-37.57323	-1.2871019	0.09208589	0.563	79.0	737.3085951805115
240	1868.4457	461.67688	2321.617	950.14264	1000.0	185.63443	1386.58	240.87424	28.480646	2400000	-5.5879354e-09	359.28946	-0.007099171	-41.42063	-1.2926193	0.028232848	0.4286	79.0	740.3634376525879
241	1603.4763	610.0277	2261.1733	139.70297	835.3	193.7026	1159.447	235.88031	13.447557	2410000	7.823109e-09	783.22314	-0.015319692	-93.92208	-1.3009626	0.02792795	0.49449998	79.0	743.4494001865387
242	2065.3257	300.93607	2248.8298	1226.1501	1000.0	197.59947	906.0313	234.11194	78.043236	2420000	7.2643163e-09	302.7189	-0.013747469	-97.86999	-1.3112308	0.051875908	0.50179994	79.0	746.4970502853394
243	1729.031	619.733	2215.8794	139.23526	898.6	195.18277	1124.1517	238.89317	36.903793	2430000	1.4901161e-09	702.89014	-0.010501422	-171.30875	-1.3174359	0.012017203	0.45069999	79.0	749.6623063087463
244	1740.0498	575.3386	2273.7312	994.1495	988.5	166.1618	1671.087	231.66025	62.31427	2440000	6.7055224e-09	543.3994	-0.00793468	-80.7444	-1.3237453	0.03485989	0.43660003	79.0	752.7430770397186
245	1659.5342	702.4692	2252.2058	254.68086	802.5	204.18228	721.8732	243.4341	-197.85417	2450000	-8.940697e-09	992.5256	-0.011932198	-128.26215	-1.328387	0.02522946	0.48409995	79.0	755.8175270557404
246	1834.9476	451.10635	2276.023	948.0933	949.5	185.1553	1120.7803	233.87782	-111.96876	2460000	-1.6391278e-08	674.6631	-0.013405214	-89.465385	-1.3386085	0.038181335	0.505	79.0	758.8945667743683
247	2033.752	352.0491	2258.9094	1133.5629	1000.0	195.09412	1064.7443	242.04152	-21.747469	2470000	-8.288771e-09	414.24628	-0.014626478	-79.18447	-1.3487117	0.053595323	0.52210003	79.0	761.9547553062439
248	1733.9961	398.0829	2187.209	1161.9951	967.5	179.99014	1336.7404	240.93626	74.013466	2480000	1.2665987e-08	606.5077	-0.012267883	-117.95836	-1.3565773	0.021491934	0.47390002	79.0	765.0162041187286
249	1291.9554	796.4788	2406.1145	59.622795	695.5	176.54442	1348.5867	231.60736	-67.58706	2490000	-2.2351743e-09	988.9357	-0.009238193	-150.66023	-1.3644261	0.016995981	0.4551	79.0	768.0877664089203
250	1812.4567	421.4009	2179.5237	1089.1776	972.7	182.80125	1319.4774	233.32777	54.14858	2500000	5.7742e-09	477.43463	-0.012709638	-108.342	-1.3737683	0.050283182	0.5143	79.0	771.149067401886
251	1453.5873	703.8573	2262.6418	242.76718	774.3	182.28944	1279.76	234.60095	-66.4343	2510000	-8.5681675e-09	1061.5227	-0.010080889	-191.84831	-1.3832173	0.018818479	0.46139997	79.0	774.2221913337708
252	1748.4465	614.4763	2283.2654	486.74716	919.5	181.3413	1297.6672	235.44205	-7.4085255	2520000	1.8626452e-10	579.86206	-0.013236272	-155.37064	-1.3886635	0.05592523	0.52019995	79.0	777.2838456630707
253	1628.4619	722.5339	2311.5444	245.15884	831.6	193.68613	1011.7533	237.00874	-15.044012	2530000	-6.0535965e-10	840.5275	-0.011929431	-99.57695	-1.39548	0.030819258	0.50170004	79.0	780.4155611991882
254	1730.0758	588.18335	2255.511	579.03973	927.9	184.77396	1341.9819	235.50914	26.54429	2540000	5.401671e-09	523.0109	-0.010233725	-47.878254	-1.4022093	0.037919827	0.49820003	79.0	783.7663049697876
255	2024.0798	613.5135	2389.0781	245.37314	910.5	209.3183	428.22443	244.0128	59.848526	2550000	6.3329937e-09	563.7546	-0.009633872	-168.83742	-1.4098873	0.055992335	0.4921	79.0	786.9470694065094
256	1940.1614	424.0284	2293.7075	1034.0115	909.4	219.93852	428.54938	251.88483	-45.321434	2560000	-5.6810676e-09	614.20624	-0.009512268	-142.7556	-1.41585	0.033633254	0.469	79.0	790.141679763794
257	2093.3884	189.71135	2283.101	1681.5464	1000.0	200.74773	609.5487	239.03041	37.021854	2570000	1.0430813e-08	420.8828	-0.015949447	-86.67872	-1.4241902	0.064129494	0.5675	79.0	793.1967084407806
258	1730.825	507.59894	2357.5286	952.1718	950.4	179.80383	1485.4617	235.78851	67.27425	2580000	1.1175871e-08	578.3784	-0.010913382	-59.116264	-1.4345239	0.022558857	0.4822	79.0	796.2770376205444
259	1798.5703	649.40027	2254.8845	187.27876	872.4	202.3247	984.47876	241.1189	32.367203	2590000	-1.4901161e-08	603.3286	-0.015062007	-70.82146	-1.4459531	0.056655258	0.55670005	79.0	799.3475849628448
260	1460.3497	485.02087	2220.3494	73.792496	904.63635	158.495	1516.3333	236.51605	-58.962708	2600000	1.2572855e-09	645.74146	-0.012849917	-129.27312	-1.4552265	0.01518074	0.46750003	79.0	802.4236085414886
261	1762.8416	768.00275	2389.4458	275.08774	811.7	200.4509	489.67422	225.9207	30.253757	2610000	3.1664968e-08	1004.4289	-0.01053595	-217.95988	-1.4649705	0.032248985	0.48920003	79.0	805.4746272563934
262	1371.603	687.63574	2305.865	76.29651	683.0909	197.47234	1198.3019	235.89743	15.483213	2620000	-3.7252904e-10	1433.7545	-0.012672151	-184.6283	-1.476119	0.025024066	0.5022	79.0	808.5265190601349
263	1528.4215	997.9841	2324.415	123.857285	767.7273	195.33076	1100.2623	233.41109	-64.29552	2630000	-2.6077032e-09	917.00616	-0.0075934352	-170.28366	-1.4848282	0.03192833	0.4611	79.0	811.5836174488068
264	2087.9402	359.5383	2326.1116	1067.4749	1000.0	199.76791	1062.745	251.08266	-7.3089113	2640000	3.7252903e-09	480.67374	-0.013930726	-95.77259	-1.488782	0.07055469	0.5489	79.0	814.6377944946289
265	1828.9629	451.3538	2313.0603	993.89264	964.4	186.08376	1410.8003	245.96819	62.545025	2650000	-1.15484e-08	564.0085	-0.018245274	-68.39348	-1.5012906	0.040283006	0.5512999	79.0	817.6900169849396
266	2151.6616	210.63167	2320.6245	1573.4886	966.4	215.86377	176.97993	240.49323	-46.12577	2660000	1.3783574e-08	613.95636	-0.010204922	-77.554886	-1.5098487	0.038171355	0.4773	79.0	820.7422699928284
267	1970.5289	376.9029	2283.5408	1256.0358	976.7	199.64307	1129.0077	240.76912	64.83394	2670000	-1.0430813e-08	447.442	-0.0113504315	-61.712353	-1.5161774	0.03527129	0.51899993	79.0	823.7982096672058
268	2135.171	280.80444	2372.528	1331.7396	1000.0	203.48897	861.06616	243.11937	66.612885	2680000	8.940697e-09	365.54062	-0.011486499	-74.272736	-1.5228547	0.06619863	0.5205	79.0	826.8735973834991
269	1662.8597	621.69244	2322.992	329.70523	859.6	191.10712	1261.3486	242.76387	21.47598	2690000	1.2293458e-08	574.28046	-0.009366213	-137.82315	-1.529964	0.019908067	0.44700003	79.0	829.9494218826294
270	1607.8002	800.22925	2315.8945	309.138	762.9	201.43228	987.0984	233.08734	-136.27644	2700000	8.195639e-09	910.7629	-0.010540602	-109.62456	-1.5369835	0.043870755	0.51479995	79.0	833.0293622016907
271	1948.0619	447.36993	2284.1023	952.3393	983.6	196.65015	1419.9003	242.14351	55.842186	2710000	-3.3527612e-09	415.10468	-0.012050991	-54.468727	-1.5449953	0.04994974	0.5371	79.0	836.121417760849
272	1917.7631	362.49426	2290.999	1215.4612	963.2	194.4463	1198.0125	235.70125	-31.983152	2720000	1.0244548e-08	580.475	-0.013944538	-81.48124	-1.5514693	0.043743394	0.5257	79.0	839.22501039505
273	1849.2787	425.83975	2352.8137	1161.3638	966.1	179.85712	1159.9608	232.16988	-7.4505725	2730000	6.519258e-09	719.1079	-0.008925098	-108.577614	-1.5603924	0.026427332	0.48200002	79.0	842.3278441429138
274	2090.7476	248.12978	2306.1985	1527.9426	967.3	208.66396	563.74005	236.88342	23.4817	2740000	-9.126961e-09	473.867	-0.013190527	-113.98116	-1.5699679	0.05940775	0.5495	79.0	845.3875966072083
275	1417.9299	778.5859	2322.6814	355.58566	732.0	190.2081	1517.5251	239.44637	-0.28972688	2750000	-1.0430813e-08	927.40857	-0.009826494	-198.11194	-1.5783933	0.0161583	0.4736	79.0	848.4729046821594
276	1949.4453	428.13693	2339.3865	1164.9031	1000.0	186.68456	1287.2177	239.50916	-40.138836	2760000	-1.7508864e-08	427.51083	-0.012700876	-123.25584	-1.5911118	0.07719951	0.5495	79.0	851.5705578327179
277	1694.9573	573.7012	2282.7122	945.6452	922.4	181.69894	1751.4095	240.9816	67.46666	2770000	-2.1979213e-08	658.1479	-0.010241776	-97.06948	-1.5952551	0.01864845	0.48860002	79.0	854.8294379711151
278	1727.2408	662.63293	2339.9004	206.68454	811.6	201.89148	637.77374	238.79248	-11.137878	2780000	4.0978194e-09	942.925	-0.009576743	-168.0679	-1.6038557	0.026213255	0.4907	79.0	858.0609738826752
279	1954.675	576.33344	2350.8003	678.2977	880.2	215.17764	31.231426	243.24892	-29.199324	2790000	6.7055224e-09	678.68884	-0.009521794	-121.63601	-1.6096156	0.04234463	0.50390005	79.0	861.1383683681488
280	2114.5674	277.81335	2396.1045	1507.9994	1000.0	206.74132	823.03754	243.01244	29.481184	2800000	-1.1175871e-09	345.22137	-0.010919385	-43.71165	-1.6153848	0.0661756	0.534	79.0	864.2857975959778
281	1701.4681	672.34766	2348.5	242.37064	841.5	190.31522	1079.6133	243.39531	13.919514	2810000	-2.0489097e-08	670.59894	-0.009676958	-149.72017	-1.6253088	0.017509386	0.4987	79.0	867.3738024234772
282	1659.4158	714.75214	2261.1897	163.97235	908.0	181.67792	1608.219	235.22075	46.90881	2820000	-4.656613e-09	468.0462	-0.011371849	-100.59451	-1.6362479	0.049314804	0.5375	79.0	870.4352254867554
283	2149.2961	166.79788	2362.6213	1873.9082	988.6	207.9253	491.8515	239.9068	-35.83856	2830000	8.381903e-10	593.1922	-0.010089288	-78.79646	-1.6437184	0.05109054	0.5325	79.0	873.6888062953949
284	2060.9546	347.18774	2347.6658	1192.1516	1000.0	200.02415	1131.8165	240.72762	23.968243	2840000	1.8626451e-08	329.87238	-0.014302534	-51.510765	-1.6505048	0.085765556	0.5755	79.0	876.7736821174622
285	1996.7289	380.48102	2387.6206	1283.2302	980.6	201.55922	1194.008	244.55019	46.13455	2850000	2.7380883e-08	500.4455	-0.009126525	-76.28721	-1.6603119	0.040880013	0.5133	79.0	879.8655281066895
286	1864.1543	539.61993	2336.9497	964.75	1000.0	183.65205	1636.33	243.78181	56.89504	2860000	-2.2351743e-09	401.39764	-0.011264123	-44.885273	-1.6634357	0.049646277	0.5241	79.0	882.9358038902283
287	1804.6621	625.63586	2223.3972	177.00113	908.0	202.05405	1079.685	242.98613	75.41239	2870000	5.2154063e-09	478.35635	-0.018000044	-71.8538	-1.6711361	0.05925395	0.5774	79.0	886.0071992874146
288	2021.7094	368.53024	2299.4475	1198.462	968.4	202.8052	1006.2206	233.00789	54.66008	2880000	-2.2351743e-09	530.1659	-0.0115678925	-55.09915	-1.6834961	0.042104978	0.5129	79.0	889.088860988617
289	2039.6406	396.02435	2302.023	993.58514	1000.0	197.42534	1259.8317	239.20804	34.069996	2890000	2.0116568e-08	276.04453	-0.015765604	-33.84762	-1.6921699	0.07799114	0.5738	79.0	892.1975903511047
290	1671.7244	635.0242	2297.4695	201.52898	838.3	203.19727	1099.9033	242.0002	43.664825	2900000	1.8253923e-08	940.71014	-0.014898911	-170.3265	-1.6994711	0.03847701	0.538	79.0	895.266788482666
291	1991.0485	363.8989	2315.8179	1196.1274	989.0	192.7411	1172.475	236.35194	61.68461	2910000	2.2351743e-09	443.03207	-0.0147965	-69.2394	-1.7067627	0.07183654	0.5578	79.0	898.3263695240021
292	1997.7214	674.4413	2390.976	83.20061	904.8	214.4833	604.29266	242.84619	35.4907	2920000	5.8673324e-09	490.2709	-0.010573604	-125.45111	-1.7118444	0.047022704	0.4859	79.0	901.3872268199921
293	2042.2809	344.05414	2344.3196	1105.9457	988.1	209.9519	1158.8256	250.96588	68.837234	2930000	-2.5331975e-08	598.53143	-0.010208331	-124.65072	-1.7156608	0.031927742	0.4875	79.0	904.4521269798279
294	1944.3164	347.72754	2349.827	1339.6865	964.1	193.68503	953.3239	238.05106	-76.612045	2940000	-1.0430813e-08	534.26965	-0.009966103	-64.90299	-1.722748	0.043584615	0.51400006	79.0	907.5538494586945
295	1979.5986	520.75836	2388.6987	954.75934	948.6	201.83064	1318.7759	240.88406	35.903072	2950000	-1.1175871e-09	501.03937	-0.009548668	-145.49103	-1.731014	0.054533124	0.50860006	79.0	910.6615791320801
296	2052.9065	374.15472	2340.7903	1275.4391	1000.0	203.93196	1181.599	247.90297	74.13684	2960000	7.3574484e-09	377.20093	-0.0119291	-43.348774	-1.7378685	0.06319534	0.5453	79.0	913.8474774360657
297	2020.3473	485.06357	2314.9504	821.2873	935.1	215.2242	924.7347	247.67148	71.01715	2970000	-7.0780515e-09	421.01422	-0.017945167	-34.98434	-1.7508547	0.0798265	0.5862	79.0	917.1987493038177
298	1982.4115	412.3131	2350.928	1012.1964	938.0	207.65761	1168.963	249.44626	-22.488138	2980000	-1.1920929e-08	718.3539	-0.013139101	-114.89176	-1.7584502	0.0395877	0.5337	79.0	920.343231678009
299	1905.0596	501.0616	2338.1506	1062.3955	910.2	203.70497	1184.0033	245.57285	-75.16177	2990000	2.6077032e-09	705.5077	-0.010344991	-65.58811	-1.7702526	0.035573743	0.49850002	79.0	923.6516613960266
300	2038.303	445.04364	2445.0369	1028.3572	931.6	212.04405	804.0202	250.04271	-92.096054	3000000	1.0058284e-08	811.0101	-0.00912066	-112.29381	-1.7767026	0.03241526	0.4856	79.0	926.7681338787079
301	1906.9557	464.939	2321.6824	1111.7998	913.4	202.36842	1107.0143	255.06326	-146.7764	3010000	-2.7939677e-08	694.8898	-0.013436301	-116.85032	-1.7848251	0.06553171	0.5589	79.0	929.9543287754059
302	1768.043	671.2297	2331.8237	196.13213	872.2	199.65012	1186.3223	246.66133	-14.718312	3020000	-3.7252903e-09	728.8436	-0.00964549	-109.53871	-1.7904838	0.031406775	0.49399996	79.0	933.0837559700012
303	2116.9675	343.15887	2390.2937	1303.7429	959.8	215.10037	635.8174	245.04025	-163.88985	3030000	7.0780515e-09	545.6919	-0.010723276	-98.942696	-1.7987846	0.061343033	0.5365	79.0	936.1557364463806
304	1877.2539	463.91788	2353.9966	1103.7976	988.4	190.75461	1399.7854	250.44508	-2.2234764	3040000	-1.4901161e-09	499.58905	-0.009514126	-98.44311	-1.8077999	0.038208965	0.5104	79.0	939.2355742454529
305	2149.315	328.9761	2404.6018	1291.3733	1000.0	206.3678	985.9459	238.03662	77.05115	3050000	-6.7055224e-09	310.39935	-0.008682418	-83.1171	-1.8142862	0.0845889	0.5554	79.0	942.3087828159332
306	1815.2848	661.0821	2386.8894	446.27042	847.7	207.54959	1218.5231	247.74983	-27.60769	3060000	1.7136335e-08	967.76416	-0.008579896	-151.83725	-1.8212448	0.021684865	0.50369996	79.0	945.3908097743988
307	2035.7688	384.51947	2404.1436	1311.524	1000.0	197.31357	1169.3137	244.26912	31.69775	3070000	-4.0978194e-09	420.9776	-0.01246687	-102.5474	-1.8292627	0.0789234	0.5717	79.0	948.4505281448364
308	1735.9781	733.1687	2409.9355	105.63619	838.2	197.80482	1412.8676	256.1575	24.971357	3080000	7.450581e-09	825.3797	-0.008138873	-114.432594	-1.8355811	0.024344575	0.4894	79.0	951.5348467826843
309	2144.4172	258.36398	2396.522	1485.2076	980.9	214.0254	677.70447	246.06566	-15.935491	3090000	-1.0430813e-08	498.5629	-0.011472372	-100.43838	-1.8434436	0.075945064	0.55120003	79.0	954.6078042984009
310	1879.3444	679.3996	2359.9958	142.17899	893.9	203.87689	1075.5939	241.97829	-237.57643	3100000	1.2665987e-08	747.73553	-0.007943532	-98.54512	-1.850359	0.039757293	0.49870005	79.0	957.6886842250824
311	1799.2869	648.66754	2441.5168	422.10532	844.4	203.95247	1095.1383	252.48749	-42.604168	3110000	2.6077032e-09	891.8328	-0.008957843	-115.75057	-1.8599308	0.032522023	0.5036	79.0	960.7638418674469
312	1929.7689	507.9696	2400.4385	768.3981	890.6	210.48045	754.79065	245.06653	-23.807375	3120000	3.46452e-08	762.4994	-0.009895454	-82.108635	-1.8669424	0.059096705	0.557	79.0	963.8878545761108
313	1682.2253	534.5549	2346.798	980.7967	797.2	204.73178	1074.5903	244.02196	-206.99599	3130000	2.2351742e-08	1106.2185	-0.012785083	-148.54056	-1.8743789	0.037216365	0.5514	79.0	967.0294320583344
314	1684.2865	739.4797	2315.318	304.80228	846.4	188.3785	1334.2681	238.37292	-226.99475	3140000	2.30968e-08	818.06604	-0.008922528	-125.34994	-1.8822877	0.044341568	0.5184	79.0	970.1320655345917
315	2032.0082	479.20398	2353.2498	1020.7771	1000.0	195.95564	1409.9286	242.24448	0.70511216	3150000	-1.4901161e-08	352.13638	-0.010167135	-92.1241	-1.8927271	0.08456324	0.5703	79.0	973.2426116466522
316	1831.3281	598.9837	2371.0005	444.05392	919.8	197.87427	1170.873	246.81569	73.40735	3160000	5.2154063e-09	613.9242	-0.01092563	-40.547123	-1.8995931	0.043806482	0.55359995	79.0	976.3145470619202
317	2026.3232	427.90634	2408.5542	1282.1825	1000.0	196.8281	1295.4337	245.863	80.14712	3170000	3.7252904e-10	402.906	-0.010879405	-48.393433	-1.908787	0.066608146	0.5827	79.0	979.3978617191315
318	1877.1555	455.70593	2438.3784	1105.8685	968.8	192.89229	1398.8168	244.6502	47.438858	3180000	1.1175871e-09	638.6172	-0.00936267	-98.83787	-1.9183916	0.042767964	0.5369	79.0	982.481050491333
319	2203.4536	187.20421	2387.3738	1763.2306	1000.0	213.82304	556.32806	246.57196	9.52231	3190000	5.5879354e-09	333.93393	-0.011149528	-92.09371	-1.9292942	0.124904536	0.6153	79.0	985.5438730716705
320	2159.0688	233.16039	2365.8904	1687.4109	970.4	218.59364	599.6336	246.64513	55.755882	3200000	2.5331975e-08	478.54596	0.015228639	-63.60613	-1.9337317	0.19551554	0.6997	2.0	987.9774527549744
321	1605.2382	915.4475	2430.065	307.49866	839.2727	192.96228	1669.1123	245.7554	45.83502	3210000	-4.4703485e-09	1042.7281	0.012417306	-170.67767	-1.9339197	0.27917415	0.7321	1.0	990.2754302024841
322	2015.5061	516.8581	2454.1882	946.13556	947.9	202.61063	1245.2867	245.8036	-539.89496	3220000	-1.4901161e-09	588.7887	0.015805278	-216.325	-1.933995	0.2384096	0.7112	1.0	992.5695295333862
323	1744.7344	630.59753	2281.0447	204.8147	860.9	204.47588	975.47705	249.80783	-164.67473	3230000	-2.477318e-08	810.0575	0.013731371	-113.57308	-1.9340446	0.16115889	0.65110004	1.0	995.010990858078
324	2087.5107	346.11795	2341.855	1146.6001	978.7	206.94777	1022.84717	245.7035	-10.484598	3240000	5.401671e-09	504.5341	-0.010716967	-86.92875	-1.934159	0.08133737	0.5891	79.0	998.1041238307953
325	1783.5677	449.48764	2338.5127	1064.5123	971.6	181.22743	1457.9183	245.90953	64.69536	3250000	-2.719462e-08	679.6711	-0.010749785	-87.51509	-1.9351765	0.043207757	0.54179996	79.0	1001.3450717926025
326	1920.8704	546.3044	2420.965	1069.9365	1000.0	182.16783	1522.0004	239.3745	31.647509	3260000	-4.4703485e-09	439.986	-0.0068617994	-70.3278	-1.9445856	0.051808022	0.5042	79.0	1004.8007211685181
327	2036.1682	625.3756	2392.2751	195.16232	905.0	218.45058	493.44928	251.45264	-1.6598897	3270000	5.5879354e-09	728.27765	-0.010706968	-86.79312	-1.9506798	0.05662452	0.5607	79.0	1008.069974899292
328	1862.5453	778.6509	2397.163	146.03325	831.0	215.58032	953.03906	249.18797	-24.11981	3280000	-9.313226e-10	711.5248	-0.009564328	-95.10613	-1.9582884	0.044502757	0.5286	79.0	1011.2519898414612
329	1733.4375	530.057	2390.071	935.8942	926.3	176.33763	1506.4592	255.93233	-53.47309	3290000	-1.899898e-08	809.1046	-0.012730688	-106.3311	-1.963466	0.04181501	0.5617	79.0	1014.2772645950317
330	1898.0007	521.57965	2415.3718	811.1443	855.3	209.64917	577.5196	240.29707	-113.55491	3300000	-2.5331975e-08	841.6904	-0.013721985	-110.35295	-1.9717896	0.067981645	0.588	79.0	1017.3870205879211
331	2080.1665	420.52628	2440.0142	1094.612	996.4	202.02037	1166.1641	241.62038	24.528215	3310000	5.5879357e-10	685.8258	-0.009034106	-116.63332	-1.9781135	0.06545963	0.5445	79.0	1020.4975640773773
332	1665.9495	648.19196	2454.3389	334.97192	916.7	182.37994	1502.2454	246.31514	64.11063	3320000	4.8987566e-08	740.0838	-0.012959237	-132.77963	-1.9845031	0.044323713	0.57110006	79.0	1023.7320237159729
333	1876.3762	519.51624	2402.7686	937.9675	938.2	190.65535	1251.3035	246.78413	56.650543	3330000	1.2293458e-08	603.29315	-0.009738608	-90.15193	-1.9904048	0.08288814	0.58879995	79.0	1026.8266570568085
334	1836.7936	639.64514	2378.863	233.40208	908.7	186.85838	1387.3735	245.86162	-47.76478	3340000	2.2351743e-09	490.6574	-0.009756093	-67.98204	-1.9949219	0.045288734	0.5368	79.0	1030.1062920093536
335	2006.154	521.00116	2398.7917	1088.2732	944.8	203.78467	1279.4891	243.83841	20.250679	3350000	-5.2154063e-09	554.7671	-0.00959854	-105.89458	-2.0027535	0.07753909	0.5832	79.0	1033.2537121772766
336	1771.2748	750.4043	2429.3506	99.84117	905.3	197.19214	1606.0476	254.13934	14.865067	3360000	2.4214386e-09	477.16782	-0.012804258	-55.6605	-2.0076785	0.072581336	0.58379996	79.0	1036.5677616596222
337	1762.7539	971.42615	2378.185	18.946903	769.9167	225.36533	316.0718	253.0047	-12.655399	3370000	1.7136335e-08	854.5866	-0.008039219	-133.9047	-2.0147614	0.04031096	0.53949994	79.0	1039.7641458511353
338	2234.5996	254.88774	2401.44	1479.3668	966.2	223.61935	25.487375	245.55	19.508572	3380000	-1.7881394e-08	490.0463	-0.008903981	-85.532166	-2.0219378	0.08246001	0.5605	79.0	1042.9596638679504
339	1812.4343	459.76328	2371.6895	1097.7389	854.5	210.6898	1225.6832	251.80904	-75.9973	3390000	5.6624412e-08	1043.1511	-0.011407242	-211.63359	-2.0270596	0.056801938	0.587	79.0	1046.2184212207794
340	1265.405	775.77106	2281.743	13.630233	745.5	181.26605	1619.6945	253.89223	-119.32978	3400000	1.1175871e-09	897.7923	-0.01580736	-190.68828	-2.037006	0.078606814	0.6175	79.0	1049.4491503238678
341	1978.9158	526.8683	2366.6462	998.3287	961.8	194.67506	1415.154	239.9988	-52.31442	3410000	-2.0302831e-08	711.4191	-0.01010227	-164.36694	-2.0464199	0.097365245	0.5876	79.0	1053.0540413856506
342	1853.5164	740.233	2438.6572	295.55075	836.5	220.03227	475.5462	249.36302	33.348404	3420000	-2.1979213e-08	743.2225	-0.0107902605	-124.89004	-2.0573518	0.055972416	0.55480003	79.0	1056.6928510665894
343	2163.109	349.75485	2385.3765	1350.5867	959.2	212.73296	898.1832	246.78738	12.328299	3430000	-2.6077032e-09	783.6671	-0.012249071	-148.69058	-2.0622594	0.07257368	0.5798	79.0	1059.8485839366913
344	2095.6843	367.15765	2363.2522	1188.2773	955.2	221.66443	579.5307	252.82144	-14.263095	3440000	-9.313226e-09	629.369	-0.010995934	-142.77303	-2.0664144	0.059229594	0.56	79.0	1063.2123663425446
345	2051.075	400.791	2374.4214	1060.9597	1000.0	199.2826	1222.8018	246.9458	37.802242	3450000	2.514571e-08	455.10724	-0.010328198	-52.155945	-2.0743527	0.07070877	0.5776	79.0	1066.6736633777618
346	2286.284	118.60381	2470.7053	2007.8009	984.8	223.6917	169.31577	246.8973	60.745964	3460000	-4.3958426e-08	515.9845	0.007452754	-103.30569	-2.0833569	0.19189014	0.7118	7.0	1068.9906694889069
347	2047.3074	421.4532	2428.366	1248.025	984.3	209.00458	1338.0166	254.28539	-14.795261	3470000	3.5017727e-08	550.0726	0.00860521	-65.53221	-2.083564	0.15718687	0.6765	1.0	1071.2512090206146
348	1246.8495	824.4062	2338.9878	242.2786	666.3	196.71513	1408.2258	251.21292	-29.588367	3480000	1.5646219e-08	1048.3108	0.010859201	-159.69951	-2.083585	0.16797979	0.6723	1.0	1073.9414467811584
349	2238.2815	212.44078	2409.849	1628.1628	971.9	217.20247	95.11639	244.08682	-43.948277	3490000	-7.450581e-09	558.87555	0.011875557	-164.23174	-2.0835893	0.17963932	0.7053	1.0	1076.4113998413086
350	1819.2786	587.8247	2329.5234	567.88025	927.4	193.32602	1326.9012	247.35632	19.40707	3500000	-2.2910536e-08	679.4315	-0.008533935	-110.37895	-2.0835762	0.03214993	0.5103	79.0	1079.5624351501465
351	2230.172	188.85951	2429.3096	1851.8964	980.1	213.40822	424.01633	240.68428	-50.295914	3510000	-3.3155082e-08	583.7791	-0.011858103	-129.08693	-2.091336	0.10773365	0.6214	79.0	1082.8347716331482
352	1990.6531	486.63348	2387.6516	1115.0537	1000.0	198.42053	1489.0079	249.89998	26.661125	3520000	-6.3329937e-09	426.18173	-0.010923715	-29.366465	-2.098035	0.060149193	0.5637	79.0	1085.908943414688
353	1902.9885	545.8152	2507.2644	960.2049	943.5	200.89662	1392.0812	248.9963	49.30035	3530000	2.2817403e-08	728.7369	-0.0076621054	-91.02641	-2.1079926	0.04104553	0.51650006	79.0	1088.9820878505707
354	1895.4138	516.6378	2356.762	1022.6775	955.9	193.2524	1508.7286	247.62982	-69.24473	3540000	-1.9092113e-08	487.71027	-0.010603536	-70.51975	-2.1117933	0.09875183	0.60679996	79.0	1092.1055488586426
355	1943.9758	458.4411	2366.3281	997.54675	982.6	195.4045	1442.7803	246.59236	36.07359	3550000	-3.3527612e-09	541.5549	-0.009306067	-49.302376	-2.1194847	0.057495296	0.5791	79.0	1095.2206225395203
356	1994.3551	522.5477	2440.503	766.14276	935.2	203.18541	944.45685	244.41867	65.13035	3560000	4.0978194e-09	611.6389	-0.006933884	-47.976097	-2.1263452	0.048551477	0.52629995	79.0	1098.2628099918365
357	1782.476	482.8322	2350.094	1003.6634	1000.0	177.76514	1522.1738	239.173	43.17566	3570000	-3.948808e-08	541.0625	-0.0114244	-95.04274	-2.1343012	0.036946483	0.56499994	79.0	1101.5570724010468
358	1804.5852	627.37775	2322.0483	525.981	874.2	199.92278	1051.1552	236.2276	41.44456	3580000	1.1175871e-08	708.0701	-0.009935523	-104.24548	-2.1429894	0.064061865	0.57089996	79.0	1104.6258325576782
359	2173.6665	277.66266	2380.763	1395.694	1000.0	207.09305	835.7379	241.62201	14.890221	3590000	4.284084e-08	409.83878	-0.010159015	-92.273705	-2.15194	0.09500886	0.59650004	79.0	1107.6902163028717
360	2229.9438	208.132	2397.971	1786.1501	1000.0	216.92278	623.9718	246.6144	75.369804	3600000	-1.0058284e-08	364.5277	-0.010973303	-45.70826	-2.160334	0.11794095	0.6238	79.0	1110.7597634792328
361	2111.4175	338.66885	2409.9036	1416.04	1000.0	210.2835	1052.038	253.87183	80.60197	3610000	-2.0116568e-08	351.22186	-0.011708727	-36.592827	-2.163776	0.087059066	0.6014	79.0	1113.8337421417236
362	1802.5588	518.38275	2398.6848	723.15796	889.5	198.181	1145.8026	245.71594	14.195328	3620000	-8.34465e-08	949.77313	-0.013517936	-156.21976	-2.1715705	0.06384864	0.605	79.0	1117.0370497703552
363	1718.6052	729.91376	2434.4292	398.2777	837.7	197.37372	1356.255	236.97525	-62.731003	3630000	-1.7508864e-08	796.762	-0.009191805	-108.49406	-2.1831417	0.06223365	0.5384	79.0	1120.1450760364532
364	1893.3588	700.2677	2414.9768	362.20087	869.5	212.89172	1086.1587	249.30484	-61.13968	3640000	3.8184225e-09	899.6295	-0.008662878	-106.47463	-2.1893756	0.06195442	0.5665	79.0	1123.2027504444122
365	1568.4941	769.0531	2364.2488	155.52242	838.2	190.18817	1672.4064	254.80046	-24.129885	3650000	-1.4901161e-09	615.2614	0.01103925	-133.96095	-2.1981952	0.15177245	0.63600004	2.0	1125.7007431983948
366	2205.2092	100.96372	2323.1152	1961.9388	990.5	220.17148	276.32086	251.91275	-125.26738	3660000	1.7881394e-08	431.8144	0.020196484	-101.41972	-2.1981232	0.26641887	0.7537	1.0	1127.9736905097961
367	1744.4128	591.5789	2332.6028	935.31146	946.8	183.2164	1782.7566	239.4715	54.959217	3670000	5.45755e-08	525.0066	0.011099672	-63.12896	-2.1980796	0.16624902	0.6758	1.0	1130.2829253673553
368	1926.7037	476.30035	2417.1003	790.1313	874.1	215.85507	508.58798	248.98557	45.29384	3680000	-1.7695129e-08	900.758	0.012831727	-142.77118	-2.1980765	0.18399182	0.723	1.0	1132.7464575767517
369	1660.8483	690.8443	2337.884	461.92926	817.1	190.43323	1471.3356	241.61096	-58.817284	3690000	1.73226e-08	799.54144	0.012500945	-163.93558	-2.1980855	0.18975835	0.70640004	1.0	1135.2572135925293
370	1880.8503	432.77667	2373.6362	1115.184	1000.0	180.45184	1406.6246	238.1014	-293.51456	3700000	2.4586916e-08	457.73502	0.011309777	-157.20703	-2.198139	0.17974702	0.6788	1.0	1137.6785426139832
371	1852.9381	585.37537	2326.8398	567.1354	903.0	202.9288	1249.5718	240.96126	73.8184	3710000	-1.4156103e-08	593.3021	0.0040528933	-102.71187	-2.1982117	0.15039396	0.6204	3.0	1140.155945777893
372	1810.696	610.3488	2371.0515	586.7615	916.2	192.74478	1412.6804	239.72469	40.623074	3720000	-2.272427e-08	689.5597	-0.009223253	-80.18269	-2.1984766	0.052859414	0.5549	79.0	1143.456250667572
373	1998.029	428.24753	2317.3823	1115.8774	1000.0	196.99155	1323.7323	241.7312	68.08275	3730000	-1.0803342e-08	296.29672	-0.012097662	-34.906113	-2.2061956	0.114720844	0.6295	79.0	1146.8672194480896
374	1746.7667	587.7974	2343.275	827.69165	904.0909	187.5424	1404.23	245.87025	-50.21586	3740000	2.9802322e-08	660.50323	-0.00755883	-96.52161	-2.207965	0.032989852	0.5255	79.0	1150.118557691574
375	1374.4315	476.75964	2233.8525	146.76721	842.8182	164.50179	1463.2485	240.0454	-355.82886	3750000	-4.1350724e-08	831.2539	-0.010454309	-256.27707	-2.2174954	0.029295886	0.52320004	79.0	1153.239956855774
376	2079.8608	440.0576	2408.4587	1149.508	1000.0	184.56528	1122.034	222.83023	-27.329163	3760000	2.0489097e-08	927.7233	-0.008262587	-542.01105	-2.227447	0.11999583	0.5931	79.0	1156.417000055313
377	2080.4512	413.66013	2337.1104	1192.6642	960.2	216.40323	1070.0994	249.96211	82.13809	3770000	-1.8626452e-10	526.149	0.024822798	-48.92748	-2.2323308	0.31763357	0.78120005	2.0	1158.6848843097687
378	2056.9224	367.58548	2348.4155	1063.9625	947.9	218.64516	532.18915	248.99939	15.032945	3780000	4.5076014e-08	844.076	0.021554828	-147.16423	-2.2323112	0.47264385	0.8284	1.0	1160.949651002884
379	1757.7561	657.48	2351.6348	489.47192	866.9	194.05083	1327.664	235.91234	-51.114037	3790000	3.1106175e-08	623.75	0.013717187	-82.042366	-2.2322662	0.3827304	0.7993	1.0	1163.2183003425598
380	1846.0328	570.54114	2460.9739	856.04895	879.3	202.42552	960.08826	236.9224	13.343378	3800000	-1.5646219e-08	715.98413	0.014126462	-67.89869	-2.2322304	0.33229226	0.77709997	1.0	1165.4867300987244
381	2091.6707	408.45218	2479.7393	1024.4368	971.4	210.3968	1206.843	242.36104	80.39875	3810000	-3.2037498e-08	467.65268	0.01392187	-86.81	-2.2321553	0.233547	0.7207	1.0	1167.742248058319
382	2156.5757	197.12883	2357.4343	1717.0345	994.1	218.23853	568.25433	246.26788	-148.83582	3820000	-4.917383e-08	460.3763	0.008347199	-83.90541	-2.2321055	0.15805364	0.6712	1.0	1169.991461277008
383	1676.0381	664.8823	2342.359	281.87808	819.7	204.17322	1061.5319	240.24887	-99.27373	3830000	8.102506e-09	903.2601	0.009224524	-122.4364	-2.232034	0.15429509	0.6586	1.0	1172.2752482891083
384	1633.2755	693.1673	2353.6663	464.31735	805.9	194.677	1157.8608	244.34077	-179.34744	3840000	2.5704503e-08	905.0096	0.0019613518	-93.33706	-2.2319362	0.15479323	0.62130004	5.0	1174.572723865509
385	1520.4626	566.222	2273.2915	423.36465	862.9	162.74335	1177.7487	235.56004	-62.208633	3850000	4.0791928e-08	705.986	-0.011974668	-142.46559	-2.2314126	0.050493706	0.5796	79.0	1177.912521123886
386	2080.5278	419.77832	2342.2688	1068.6165	946.8	200.97514	695.6038	229.6869	-186.12112	3860000	3.4086405e-08	817.8436	0.002954003	-326.10898	-2.2388077	0.15756823	0.63729995	7.0	1180.249984741211
387	1957.933	684.7631	2427.138	190.09966	911.6	213.01285	1082.7456	249.79213	-35.855988	3870000	1.7136335e-08	507.5727	0.0067038336	-67.8571	-2.2392142	0.1557168	0.6436	1.0	1182.5239655971527
388	2055.6313	414.18365	2353.6313	1074.2585	963.9	214.7933	1124.8184	250.94481	69.095406	3880000	-1.5087426e-08	426.2207	0.015088054	-54.523426	-2.2392373	0.24090095	0.74880004	2.0	1184.8456013202667
389	1634.9297	736.0937	2346.4045	154.16003	845.6	192.17516	1531.2091	242.74889	75.33128	3890000	6.444752e-08	799.2298	0.017656978	-112.9697	-2.2392712	0.36535218	0.80270004	1.0	1187.1731491088867
