Epoch	AverageEpRet	StdEpRet	MaxEpRet	MinEpRet	EpLen	AverageVVals	StdVVals	MaxVVals	MinVVals	TotalEnvInteracts	LossPi	LossV	DeltaLossPi	DeltaLossV	Entropy	KL	ClipFrac	StopIter	Time
1	-227.18445	130.02455	-5.0209603	-542.1865	102.87234	-0.08047965	0.24013196	-0.01974893	-0.27416322	10000	4.0978194e-09	17524.986	-0.0011548774	-2942.8723	0.918938	0.0066303536	0.0635	79.0	2.45298171043396
2	-182.25845	118.0194	-26.771238	-462.3901	109.74712	-13.038684	18.69726	-6.6424794	-40.850555	20000	7.4505807e-10	9674.482	-0.0013671012	-6532.951	0.91769063	0.0076355166	0.061	79.0	4.9012181758880615
3	-118.395195	90.71501	3.9710143	-336.3109	114.47561	-80.654884	68.288666	-20.450996	-241.11311	30000	2.2351743e-09	2263.1824	-0.0016435969	-340.63754	0.93143195	0.0076193837	0.0741	79.0	7.47417688369751
4	-108.35583	85.0602	-2.441555	-713.7558	120.48052	-61.476532	63.07579	-15.306889	-213.37668	40000	-1.4901161e-09	2312.392	-0.0014353617	-125.59485	0.9196722	0.00715743	0.0809	79.0	10.329047441482544
5	-73.605125	28.969288	8.8970585	-215.36688	126.5	-54.419964	41.016262	-24.068802	-171.58374	50000	7.4505807e-10	1181.1467	-0.0031076665	-343.94037	0.9249762	0.009639281	0.0868	79.0	12.883240699768066
6	-50.834545	33.013283	32.260727	-138.93675	145.53125	-39.405987	37.713577	-10.835482	-126.55259	60000	6.3329937e-09	1122.6384	-0.0034912904	-273.07974	0.9179905	0.008177084	0.0897	79.0	16.145503044128418
7	-40.56669	65.485054	25.832499	-270.76346	147.74193	-26.77121	28.399944	-10.225027	-102.19948	70000	-2.9802323e-09	1321.139	-0.0019325793	-188.7261	0.908436	0.008355822	0.0775	79.0	18.76634430885315
8	-32.974583	52.72933	38.55965	-266.41574	173.45284	-26.62432	67.18962	-4.3699985	-127.12379	80000	-2.2351743e-09	1311.2559	-0.0029561352	-234.88559	0.9038469	0.011392632	0.090399995	79.0	22.885995388031006
9	-34.342236	27.45553	42.992706	-151.16411	181.71428	-28.112772	165.33875	-3.245143	-145.49458	90000	3.7252904e-10	1251.1975	-0.0026982403	-252.25562	0.89304143	0.007843442	0.072399996	79.0	27.26014995574951
10	-49.742676	66.82795	41.676094	-244.11143	277.0435	-18.303068	122.47498	-1.911395	-100.54769	100000	-3.9115546e-09	1116.1599	-0.0056261257	-125.732765	0.8771057	0.011643061	0.10669999	79.0	32.27146553993225
11	-65.10025	69.54565	39.24215	-214.31297	528.5	-27.437763	339.53326	-1.3272566	-117.59554	110000	-7.4505807e-10	1293.2019	-0.0014846979	-230.80342	0.8774599	0.0080713015	0.0754	79.0	38.07465624809265
12	-101.6853	81.16689	44.579514	-303.0941	442.3846	-9.902375	134.78285	0.2255154	-104.16028	120000	-1.4901161e-09	1820.8278	-0.0023254168	-237.73557	0.88188505	0.007446027	0.058700003	79.0	43.80007004737854
13	-7.2587614	62.004406	40.21654	-140.7116	816.6	-18.912636	153.70398	2.4421883	-97.781746	130000	1.4901161e-09	753.9169	-0.0032534755	-254.26266	0.8868319	0.006040196	0.0828	79.0	49.00889778137207
14	-58.726707	126.54479	45.684616	-340.36783	951.4	-4.013561	77.96415	16.216545	-125.26801	140000	-3.3527612e-09	759.7905	-0.0012794177	-212.21567	0.8686312	0.004018283	0.060899995	79.0	55.20963978767395
15	-32.892353	101.09025	45.6554	-295.0772	969.1	-8.890202	95.84175	20.769926	-149.60614	150000	-1.4901161e-09	416.13467	-0.0020996344	-31.994488	0.8657936	0.0057278974	0.0686	79.0	61.23744320869446
16	-22.213945	86.2723	50.514664	-266.4078	993.6	1.5176473	200.46289	30.163725	-67.77084	160000	1.4901161e-09	429.06573	-0.0007042834	-173.43547	0.84586793	0.0038774163	0.039300002	79.0	67.2371015548706
17	2.4561455	68.70019	72.07215	-137.04376	997.1	-6.6639366	126.4516	19.326448	-83.30674	170000	-1.8626452e-10	219.54196	-0.0022293217	-19.464214	0.8319646	0.0056785606	0.0716	79.0	73.09721207618713
18	-13.3812	37.64738	38.30563	-75.59911	1000.0	0.14493077	104.07008	18.875324	-53.064438	180000	0.0	157.54276	-0.00110774	-42.858356	0.8159788	0.0055582505	0.059299998	79.0	79.23241376876831
19	21.229473	34.99602	93.08938	-36.650333	1000.0	-7.461051	85.74882	13.977608	-37.119976	190000	1.3038516e-09	118.433205	-0.00081101025	-33.244072	0.81984293	0.0040494567	0.0465	79.0	85.54877758026123
20	26.13122	32.184555	74.19009	-8.64754	1000.0	-2.3278248	77.37787	19.930845	-32.37179	200000	7.4505807e-10	118.17234	-0.0014914058	-12.584021	0.7985331	0.0034669484	0.0471	79.0	92.44235157966614
21	32.403893	27.257092	66.90925	-13.699493	1000.0	-1.969643	49.691444	22.168364	-23.412533	210000	-7.4505807e-10	90.37454	-0.0014546314	-18.87043	0.78998125	0.0040624803	0.051699996	79.0	98.76115489006042
22	10.871504	34.693043	72.63565	-45.493618	1000.0	-1.0151411	44.160282	25.520845	-15.652886	220000	1.2572855e-09	88.48271	-0.0009370266	-16.441006	0.7746757	0.005339327	0.0453	79.0	104.69395327568054
23	18.624868	36.1178	102.48612	-29.672092	1000.0	-2.332924	57.035343	41.595093	-14.420855	230000	-2.2351743e-09	82.48988	-0.0007425466	-17.191751	0.7648222	0.0022960065	0.046400003	79.0	110.6098244190216
24	6.5085387	11.579931	22.687757	-9.608409	1000.0	-1.9318871	23.309355	37.875755	-13.942089	240000	-3.7252904e-10	49.648716	-0.0030762702	-8.097251	0.7424175	0.0044076703	0.049200002	79.0	116.93568062782288
25	8.236208	41.122173	62.97352	-43.772118	1000.0	-1.5303499	50.40902	48.740948	-13.332838	250000	-1.4901161e-09	57.982872	-0.0011261292	-14.652919	0.726684	0.0041931057	0.045199998	79.0	123.34695625305176
26	21.336126	31.470245	70.1153	-29.745216	1000.0	-2.5054834	8.127846	33.14014	-8.703352	260000	-7.4505807e-10	60.351257	-0.0012658664	-20.603188	0.71403825	0.004851742	0.041	79.0	129.26412916183472
27	13.449376	35.25126	53.638737	-74.58371	1000.0	-0.9006671	19.49936	29.748142	-8.192675	270000	1.8626451e-09	51.484154	-0.0012997144	-15.8110485	0.7027476	0.0047155684	0.0558	79.0	135.7284071445465
28	60.43084	16.768578	93.816124	33.705887	1000.0	0.5639145	58.862877	65.06475	-13.074007	280000	-1.4901161e-09	36.538277	-0.0032377443	-15.606361	0.6901785	0.0056240307	0.056700002	79.0	141.9964714050293
29	71.156265	26.522018	123.224144	35.32098	1000.0	2.7540667	48.141415	60.783398	-7.6715107	290000	1.1175871e-09	19.798424	-0.0012425445	-5.7788095	0.6764144	0.004919246	0.053000003	79.0	147.41012954711914
30	79.620346	50.763233	163.84164	-10.119598	972.2	3.832139	42.486637	46.005886	-6.322605	300000	0.0	130.82411	-0.00084683794	-23.743582	0.6607496	0.007565291	0.0887	79.0	153.8354630470276
31	81.17357	26.606339	125.3976	50.385796	1000.0	8.581328	125.52075	67.95587	-7.2805185	310000	-3.7252904e-10	41.469368	-0.0010825383	-24.90239	0.6369816	0.005967583	0.059899997	79.0	159.6963493824005
32	84.03435	39.42438	188.99823	24.366356	990.4	5.4967732	47.2208	54.07335	-7.277165	320000	-2.9802323e-09	71.9701	-0.00069315435	-8.623838	0.63739	0.0068840585	0.050800003	79.0	165.43739795684814
33	99.08074	35.370785	171.148	28.816963	981.9	6.5138373	79.55413	64.310196	-10.293562	330000	-7.4505807e-10	83.27788	-0.0015597817	-12.953357	0.62812436	0.006928661	0.091000006	79.0	171.62747597694397
34	139.80576	56.67343	248.48709	79.19847	883.1	9.9054785	125.52688	78.461494	-9.493938	340000	2.2351743e-09	201.35182	-0.000836443	-23.323673	0.60468185	0.00805757	0.093200006	79.0	177.212495803833
35	128.1318	116.80945	248.99892	-169.51413	882.8	15.495969	154.72005	78.37323	-3.4031377	350000	2.2351743e-09	639.0063	-0.0007835038	-380.40448	0.5774848	0.0054899654	0.07740001	79.0	182.61592078208923
36	178.70886	75.69761	277.1914	59.920807	811.2	13.387172	165.27332	71.852356	-19.973228	360000	-1.1175871e-09	284.95874	-0.0010735275	-65.76974	0.5652363	0.008497819	0.109500006	79.0	187.78305101394653
37	193.67323	73.39765	258.4531	-6.1134124	686.0833	18.724703	144.6725	84.87859	-8.458395	370000	4.4703485e-09	432.4374	-0.0013124052	-37.509144	0.53292257	0.005231552	0.0739	79.0	193.0970561504364
38	169.54846	87.55053	257.0437	-33.21864	712.0	17.218172	231.46115	82.70237	-14.682193	380000	-1.1175871e-09	346.09973	-0.0012112658	-39.286427	0.51044786	0.009049187	0.0934	79.0	198.14251160621643
39	172.10541	69.61831	273.67908	34.732285	696.7273	23.018572	207.48624	82.66409	-2.3001559	390000	-1.4901161e-09	377.33575	-0.0014429234	-67.10108	0.48702735	0.007847106	0.0819	79.0	202.54029321670532
40	177.96248	92.31631	270.01764	-62.550777	635.4167	20.116756	117.826904	86.515015	-50.507156	400000	0.0	381.25177	-0.001082189	-68.655045	0.46044844	0.0062842495	0.0675	79.0	206.7225067615509
41	199.26701	64.581184	258.40387	5.1438127	543.46155	24.501879	119.4164	94.46296	-39.14884	410000	-1.1175871e-09	390.06488	-0.0012921704	-63.42283	0.44225836	0.00658171	0.061699998	79.0	211.07665729522705
42	175.14415	167.21176	264.5122	-135.51756	470.93332	29.742687	192.66966	87.06027	-58.58737	420000	2.2351743e-09	739.2622	-0.0010703942	-253.4587	0.42814288	0.005131279	0.058	79.0	215.12170481681824
43	210.39595	62.673317	275.2486	75.79621	580.2727	20.804121	319.4264	88.78707	-55.944294	430000	3.7252904e-10	388.1915	-0.0010168516	-136.24121	0.4247593	0.006317386	0.063099995	79.0	219.33076572418213
44	212.29778	79.60008	284.56732	9.997196	509.57144	27.992216	377.41223	83.089775	-47.00218	440000	-1.4901161e-09	317.87466	-0.0019510072	-72.86157	0.41086835	0.010268068	0.0891	79.0	223.8547224998474
45	226.85176	51.08805	270.8924	83.09226	487.9375	30.377375	608.2108	94.21404	-65.06016	450000	0.0	678.5946	-0.0012903378	-257.68707	0.3889236	0.008556984	0.0797	79.0	227.92195343971252
46	226.24176	98.95161	302.84763	-181.20682	403.47058	40.1555	193.79984	133.59398	-26.068146	460000	1.1175871e-09	840.3376	-0.0011999786	-259.8844	0.36374903	0.007973459	0.0661	79.0	231.6974332332611
47	215.3773	54.36009	275.84036	122.093666	609.5714	30.9792	497.89407	87.11928	-54.34832	470000	-1.1175871e-09	788.2951	-0.0006669312	-358.67834	0.34878522	0.006709731	0.052099995	79.0	236.10755276679993
48	205.32925	57.508816	270.9742	33.506565	457.73685	32.24341	315.1402	93.20791	-19.339931	480000	7.4505807e-10	668.24744	-0.0012413221	-159.57927	0.3375687	0.0077124005	0.0641	79.0	239.6865313053131
49	243.175	38.410767	274.8092	118.24542	421.05264	39.858448	348.40872	108.47934	-26.740345	490000	-3.7252903e-09	344.2885	-0.000921428	-121.266235	0.3138582	0.0047204075	0.055699997	79.0	243.3580288887024
50	212.94038	61.87349	277.7567	-6.354709	364.2	41.060238	433.94547	111.28017	-8.904527	500000	0.0	540.95105	-0.0025233729	-120.84336	0.28796083	0.00876498	0.07739999	79.0	247.5148105621338
51	240.11214	39.842014	266.84448	112.710655	383.72223	38.253693	404.00586	96.70979	-29.477182	510000	-3.7252904e-10	402.96198	-0.001027251	-89.74951	0.26604772	0.006904961	0.0742	79.0	251.53401064872742
52	196.00621	155.2118	274.92926	-322.59686	422.41177	38.462105	379.5302	102.47796	-6.661753	520000	-2.0023436e-09	1423.6299	-0.0009454332	-485.1424	0.24565963	0.0072460445	0.052899998	79.0	255.84007048606873
53	239.37119	58.75341	283.5274	-4.3126307	368.90475	44.331142	328.88837	82.51151	-15.01773	530000	-7.4505807e-10	558.72076	-0.0006868214	-111.35393	0.24565966	0.0047025857	0.053199995	79.0	260.0325651168823
54	216.50624	76.38377	275.99493	52.7284	416.1111	38.51014	375.28198	94.80914	-17.56118	540000	3.7252904e-10	664.69855	-0.00062143226	-297.8793	0.23506017	0.0046451376	0.0606	79.0	264.5845835208893
55	236.78569	51.128292	278.45132	43.68718	350.16666	46.498844	307.70453	89.84302	-9.019003	550000	-1.6763806e-09	469.4086	-0.0009391385	-127.05845	0.22303501	0.006242147	0.0583	79.0	268.2690689563751
56	226.79659	61.852146	283.3314	10.56248	409.3	42.74743	381.88138	96.85726	-5.3736715	560000	-1.1175871e-09	680.62024	-0.0007309409	-202.85527	0.20650668	0.005721121	0.072500005	79.0	271.80600666999817
57	249.73834	27.88731	280.6655	194.9383	361.82352	45.392017	245.93744	103.965065	-27.05501	570000	-7.4505807e-10	476.78278	-0.0011465761	-79.85293	0.19847652	0.004109821	0.049	79.0	275.66064286231995
58	236.10887	92.178604	282.39047	-190.97517	308.47827	50.328037	327.21362	96.59958	-53.34098	580000	-1.1175871e-09	572.8943	-0.0008396447	-349.4411	0.18370196	0.006213947	0.0677	79.0	279.18551445007324
59	249.0787	43.18096	283.29587	93.7336	357.85715	50.148792	355.55627	105.99757	-72.18475	590000	-3.7252904e-10	472.3358	-0.0006668676	-192.71721	0.17796311	0.004143658	0.0384	79.0	282.678715467453
60	214.39809	135.91881	285.461	-298.97296	380.66666	42.222702	444.96838	109.21279	-80.37225	600000	-5.5879357e-10	865.2637	-0.0010127975	-351.31274	0.16438606	0.009842168	0.0611	79.0	286.55706572532654
61	232.16095	54.327442	289.8832	43.27286	362.5238	45.860336	439.8067	109.16619	-27.436752	610000	-2.6077032e-09	562.52875	-0.00069491006	-264.58636	0.15968731	0.0046887854	0.0579	79.0	290.1261463165283
62	242.78043	37.181362	273.4195	130.87129	403.65	45.07005	411.42804	104.42879	-30.912514	620000	2.2351743e-09	348.77533	-0.00079777045	-101.13051	0.14670354	0.004378363	0.0494	79.0	293.6759240627289
63	254.11908	29.85993	283.32233	141.39407	320.18182	48.770267	570.27094	103.2337	-90.012764	630000	-8.381903e-10	685.6886	-0.0015637593	-260.17386	0.14083245	0.0066464962	0.0633	79.0	296.98288106918335
64	198.94836	138.86731	290.77625	-282.6522	432.82352	40.93744	487.30835	110.80709	-77.90984	640000	2.2351743e-09	1006.1139	-0.0016093629	-371.197	0.14888924	0.011548852	0.062300004	79.0	300.52151131629944
65	247.82346	50.2519	288.79025	35.218075	294.52173	44.718914	451.27203	101.877464	-25.25965	650000	0.0	626.72003	-0.0011503795	-271.62704	0.14811209	0.008756647	0.061699998	79.0	303.9219400882721
66	237.10323	49.854107	280.96097	26.231987	335.47827	44.726677	493.26303	112.70346	-73.9664	660000	-1.1175871e-09	611.3377	-0.001728861	-177.91045	0.13203892	0.0060686087	0.073300004	79.0	307.7113585472107
67	250.55907	34.278557	292.33017	125.194336	332.0435	51.974514	289.5216	119.33042	-29.38298	670000	0.0	554.6707	-0.0005376766	-277.41473	0.13560876	0.0019179449	0.046099998	79.0	311.21977972984314
68	225.78542	95.24656	297.41953	-17.476027	316.75	56.111	469.50986	118.66229	8.841338	680000	-3.7252904e-10	549.76263	-0.0010439387	-140.44687	0.12453773	0.008170985	0.07540001	79.0	315.88063883781433
69	245.68831	35.674942	295.0546	107.81582	303.95834	58.08712	289.0829	102.51886	-7.6265435	690000	-1.8626451e-09	357.41992	-0.0007259902	-142.8125	0.1194755	0.004109605	0.0648	79.0	319.59899067878723
70	232.67218	104.12735	301.80804	-296.93387	297.0	54.852608	296.58383	120.108055	-95.90597	700000	-7.4505807e-10	718.90967	-0.0009524744	-335.40314	0.11110981	0.0068198545	0.0638	79.0	323.03646969795227
71	213.5747	69.35015	291.2497	56.93271	507.35294	35.75315	971.23706	115.76801	-154.74324	710000	-1.8626452e-10	1117.7356	-0.0007314994	-758.45496	0.09542443	0.0069476306	0.0568	79.0	327.02142119407654
72	255.74297	26.615562	289.15662	148.39368	298.54166	54.697674	326.43497	111.77257	-8.340183	720000	1.4901161e-09	513.8097	-0.0006263143	-284.7797	0.08481046	0.005566756	0.0588	79.0	330.8185613155365
73	234.87854	51.412548	283.14877	132.91092	414.78946	46.38884	629.84314	118.503265	-16.651861	730000	0.0	459.30014	-0.00051560556	-236.74551	0.076342836	0.0046922243	0.051199995	79.0	334.6646041870117
74	246.94179	36.583553	283.85498	128.3492	368.43478	42.53479	480.57715	147.264	-12.077597	740000	7.4505807e-10	372.50052	-0.0009232927	-112.146996	0.07853246	0.009040065	0.0766	79.0	338.5930483341217
75	254.57329	26.827513	284.5524	152.59435	311.2	53.211826	341.95273	121.359634	4.6720657	750000	0.0	359.59976	-0.0009504201	-102.15675	0.06346224	0.009548841	0.083500005	79.0	342.1359212398529
76	228.78796	74.45403	280.91608	21.993458	309.65216	58.514286	463.9524	121.63492	13.1668415	760000	0.0	852.5754	-0.00089934125	-360.74393	0.051913403	0.00490987	0.0549	79.0	345.7419378757477
77	240.76964	58.28402	303.2811	11.315565	271.23077	56.692883	334.2105	119.337456	8.647971	770000	1.4901161e-09	469.16327	-0.0018407371	-88.462364	0.059353255	0.007021515	0.079799995	79.0	349.0051906108856
78	251.80028	39.590702	295.04187	44.664703	325.0909	52.621395	476.3527	118.66773	6.4986014	780000	-7.4505807e-10	551.89856	-0.0013003855	-149.81161	0.042918317	0.004806326	0.0767	79.0	353.18911480903625
79	246.27039	45.295746	293.02017	29.918251	274.57144	60.23466	288.30762	128.26515	-5.244025	790000	-1.8626451e-09	505.22714	-0.0009656308	-108.45967	0.031030383	0.008357746	0.0645	79.0	356.4575033187866
80	233.86736	57.601025	300.74088	12.671351	304.83334	57.971973	466.66382	123.931244	6.5851564	800000	1.4901161e-09	577.1048	-0.0014032873	-114.98401	0.03690225	0.0064001433	0.0685	79.0	360.0423493385315
81	246.16418	38.12997	285.9561	139.0671	327.70834	44.637573	561.31415	121.47663	-12.578433	810000	-7.4505807e-10	352.36774	-0.0010470294	-107.320755	0.04478365	0.005546755	0.0629	79.0	363.50005316734314
82	252.40697	37.268627	292.67746	126.4581	301.44446	55.014713	601.75116	130.43585	4.0207043	820000	1.1175871e-09	276.80298	-0.0009279119	-105.78105	0.020000912	0.007697308	0.0864	79.0	366.96788334846497
83	250.3309	37.035698	281.9888	138.50948	335.5909	50.25563	726.06824	132.77197	-1.2204342	830000	-7.4505807e-10	292.08356	-0.0011019465	-80.36252	-0.006810295	0.0074178814	0.0914	79.0	370.71691703796387
84	244.7573	56.979687	296.3086	120.24667	391.7619	57.54944	343.60373	141.15633	5.682594	840000	-7.4505807e-10	742.776	-0.0006267083	-485.06378	-0.021813888	0.0024895943	0.0612	79.0	374.9632046222687
85	246.44621	53.86401	291.00232	30.829012	292.1111	53.533043	458.16888	142.73096	-18.233458	850000	0.0	561.2262	-0.0014984335	-169.12175	-0.04610002	0.007833252	0.0833	79.0	378.4621994495392
86	247.72739	49.65966	290.5436	46.709347	293.03845	48.558704	611.62384	136.99387	-14.545819	860000	-5.5879357e-10	588.79034	-0.00088094064	-209.5306	-0.049657747	0.0061096624	0.0574	79.0	382.42727041244507
87	243.25574	48.033947	284.29587	109.219	348.875	52.07505	619.28235	135.03568	0.8980432	870000	1.4901161e-09	448.5301	-0.0005796952	-144.61967	-0.056628693	0.0057580196	0.072000004	79.0	386.0864112377167
88	247.68642	50.519424	300.31912	18.784197	279.60715	53.76081	873.31665	144.64761	-38.401493	880000	3.7252904e-10	552.339	-0.0012943117	-151.46233	-0.07176311	0.00990645	0.094100006	79.0	389.88084721565247
89	249.19206	40.52742	289.6559	127.43887	299.85715	53.81115	709.8945	140.41331	2.4508193	890000	7.4505807e-10	305.27008	-0.0010076498	-103.36882	-0.07574712	0.0065330775	0.0653	79.0	393.7577016353607
90	246.14798	58.313793	296.7289	116.117226	368.9524	53.233395	623.72815	153.22989	-1.0260553	900000	-3.5390257e-09	593.84973	-0.00082110986	-321.14282	-0.096407995	0.005229802	0.0788	79.0	397.20955061912537
91	252.46072	41.05011	314.6849	46.613796	272.0645	60.433777	577.335	156.59708	4.282415	910000	0.0	432.5617	-0.0014944692	-108.6862	-0.10495962	0.010928781	0.0825	79.0	400.4684422016144
92	243.76727	75.72231	297.89914	9.855549	206.33333	75.93519	236.31778	152.722	-0.4880188	920000	-5.5879357e-10	625.39417	-0.0011918797	-121.99387	-0.12725374	0.008050324	0.0773	79.0	403.37367057800293
93	241.87328	49.636444	295.0081	35.140953	310.44	54.064262	674.9673	152.86281	-16.240213	930000	0.0	533.2377	-0.0011442859	-212.03691	-0.12848847	0.0045347996	0.0671	79.0	406.76525807380676
94	250.034	25.354467	282.76434	140.993	295.34616	57.9506	354.95248	154.19603	-3.129349	940000	-3.7252904e-10	407.18097	-0.0008383511	-150.3573	-0.1400358	0.0056154816	0.0664	79.0	410.19908452033997
95	249.69246	47.321014	303.08115	43.79846	284.92856	61.02745	504.04782	157.8222	5.5915365	950000	1.1175871e-09	560.46185	-0.0010619345	-212.22885	-0.14907697	0.005129284	0.07790001	79.0	413.59799456596375
96	252.41081	44.972916	302.8653	49.180725	262.44116	70.04247	426.2813	158.28436	13.070935	960000	1.8626451e-09	471.63297	-0.0010562347	-103.299095	-0.16858213	0.0045557143	0.0674	79.0	417.05488324165344
97	263.6153	16.121944	303.5601	232.707	237.59375	64.384125	381.92468	154.38513	6.502115	970000	3.7252904e-10	360.9029	-0.0010867978	-123.44911	-0.171855	0.0086577665	0.071600005	79.0	420.63878750801086
98	222.4793	83.25786	302.46582	19.681858	269.2353	70.88455	569.7441	159.06276	15.350717	980000	1.1175871e-09	930.0707	-0.0015467501	-240.09421	-0.18998381	0.0021578595	0.0594	79.0	423.86547350883484
99	251.66818	34.59385	307.97342	65.22351	282.9655	58.524944	585.50275	151.33202	-1.3626392	990000	-3.3527612e-09	580.784	-0.0014482735	-167.3534	-0.19248576	0.008762828	0.099199995	79.0	427.16454696655273
100	250.05562	56.795734	309.77164	11.734188	270.63333	66.390335	482.35504	152.42937	5.030471	1000000	7.4505807e-10	614.8907	-0.001442936	-248.3999	-0.19791369	0.008719321	0.0846	79.0	430.499306678772
101	238.35094	68.86355	291.758	-31.88025	276.72415	55.599537	708.8749	152.64215	-49.339893	1010000	1.4901161e-09	684.1631	-0.0020253023	-206.60408	-0.20889524	0.010049974	0.0888	79.0	435.25076365470886
102	257.9951	41.551353	291.51135	133.30362	326.28	57.81497	533.3913	140.9558	-2.1295063	1020000	-7.4505807e-10	479.6634	-0.00078770967	-232.51822	-0.21256956	0.0045276843	0.0678	79.0	439.3774514198303
103	245.96521	62.470573	287.96475	20.599567	288.34784	50.8323	569.1294	154.15744	-6.5537953	1030000	1.8626451e-09	682.9266	-0.00090173807	-211.8665	-0.22398539	0.007957494	0.0755	79.0	442.8064019680023
104	242.7016	60.368073	296.07346	26.296053	217.94444	64.1769	386.64432	154.3992	-16.274618	1040000	3.7252904e-10	675.5066	-0.0019384663	-219.8649	-0.22768585	0.013811046	0.13229999	79.0	445.74019837379456
105	245.8121	37.212025	297.9087	46.459076	254.2069	69.56123	301.03375	158.69177	1.4053398	1050000	0.0	689.88635	-0.0010276436	-217.6866	-0.2434688	0.0025894188	0.0853	79.0	449.24301314353943
106	261.53665	16.349129	301.19357	221.60144	250.09677	62.045963	523.6329	156.08235	-13.406937	1060000	5.5879357e-10	296.87946	-0.0015878195	-83.72383	-0.27167308	0.008225167	0.0788	79.0	453.0426354408264
107	225.39091	79.96695	296.69626	1.1432725	332.625	59.11105	581.01807	164.4539	12.897571	1070000	1.8626452e-10	834.833	-0.00086991524	-393.05792	-0.28158408	0.0027165622	0.0748	79.0	457.37341237068176
108	249.3058	39.609535	285.17435	35.535614	236.60715	56.813663	172.57417	147.33862	-1.3452104	1080000	7.4505807e-10	668.3419	-0.00085048133	-303.22543	-0.30511707	0.008939792	0.072399996	79.0	460.59880781173706
109	254.54445	18.472174	308.49893	198.48732	250.9697	66.45144	344.2767	147.24084	-0.19195442	1090000	1.4901161e-09	337.8522	-0.0018999409	-103.317665	-0.30150947	0.0099327015	0.087	79.0	463.8088264465332
110	251.03818	35.962105	286.21472	42.855644	271.03226	64.694084	672.29236	158.6157	1.7823331	1100000	-7.4505807e-10	434.3891	-0.0015311696	-85.41199	-0.30816293	0.007965053	0.1012	79.0	467.6103193759918
111	242.02174	52.38557	300.3669	8.042364	277.6207	64.113266	540.4655	160.76584	-2.4511676	1110000	0.0	1056.5422	-0.0007655358	-432.33203	-0.31168956	0.004958934	0.073	79.0	471.4799108505249
112	258.75476	33.86589	298.25473	142.88028	268.03845	59.06935	552.7092	159.67783	4.4120784	1120000	3.7252904e-10	379.6035	-0.001405173	-78.83781	-0.31438208	0.008674838	0.100800015	79.0	474.65129470825195
113	261.5897	37.079353	311.04578	211.51544	237.08333	71.19997	342.52496	161.47876	-10.313503	1130000	5.5879357e-10	351.19418	-0.0025464408	-100.07424	-0.3368879	0.010710134	0.0855	79.0	477.87487268447876
114	249.51991	27.170319	293.3741	158.2894	269.0	68.10621	433.3277	155.80858	14.623835	1140000	1.4901161e-09	446.55682	-0.0009314719	-215.27518	-0.33960348	0.0025891156	0.071600005	79.0	481.2640244960785
115	263.78018	23.035767	299.59662	181.2078	235.0	67.30236	456.09708	157.34839	6.4038033	1150000	3.7252903e-09	315.88092	-0.0012261563	-93.65104	-0.36032844	0.005388053	0.0625	79.0	484.45264744758606
116	255.1956	36.36394	296.6329	152.05952	247.27272	60.578575	648.8778	160.04877	-8.397145	1160000	-2.9802323e-09	634.37366	-0.0015536838	-329.61804	-0.3738719	0.003051238	0.0854	79.0	487.75010418891907
117	261.5881	31.68397	312.15564	117.97239	266.1613	57.592064	645.9557	152.8731	-8.614555	1170000	7.4505807e-10	555.61633	-0.001662357	-245.88528	-0.40744933	0.010540059	0.08670001	79.0	491.7320296764374
118	259.6089	35.840755	313.71182	14.216794	204.56097	82.72175	238.32077	164.78278	7.2951465	1180000	-1.8626451e-09	530.9166	-0.0013748074	-143.8918	-0.41480836	0.00663668	0.1013	79.0	494.85560417175293
119	250.9088	53.8054	320.5954	22.30077	246.90625	73.0908	330.22342	162.40784	20.942251	1190000	-7.4505807e-10	619.24475	-0.0021263876	-176.96121	-0.4398884	0.01006648	0.097899996	79.0	498.28663206100464
120	228.72166	77.58946	300.3801	-169.75665	263.67648	71.78985	373.75128	274.72815	8.622176	1200000	-2.2351743e-09	1941.6016	-0.0019204483	-993.0329	-0.4422759	0.0053507476	0.1107	79.0	501.67277693748474
121	262.49255	16.699686	294.27457	216.82703	263.96667	56.56035	401.48297	147.63528	-29.514284	1210000	1.4901161e-09	641.53345	-0.0033870868	-409.46796	-0.45474905	0.007980569	0.108799994	79.0	505.06988430023193
122	252.73082	46.733868	294.84863	29.31007	263.92856	68.58104	441.00372	163.26764	5.320204	1220000	2.9802323e-09	718.39813	-0.0012942592	-302.24814	-0.47718507	0.0036439828	0.07	79.0	508.44663739204407
123	253.43785	30.36369	310.31793	137.47984	298.48	51.64727	514.6878	163.08452	-7.3291807	1230000	7.4505807e-10	361.3167	-0.0011974096	-112.98607	-0.4860941	0.008593672	0.071600005	79.0	511.82904529571533
124	255.67383	26.966002	305.02167	158.73471	244.41936	63.9031	626.79425	162.59998	0.43164998	1240000	-7.4505807e-10	336.86337	-0.0015040506	-77.372574	-0.5025972	0.011440506	0.089899994	79.0	515.0443708896637
125	250.67805	43.17782	294.1311	53.766525	213.91667	71.96375	587.9029	168.278	-9.378603	1250000	-1.4901161e-09	495.26065	-0.002396376	-73.85986	-0.48195878	0.004952006	0.08950001	79.0	518.3068675994873
126	257.3744	27.712515	294.18835	146.43047	236.05556	73.1263	614.6245	162.24234	-24.024273	1260000	1.4901161e-09	310.4001	-0.0020558008	-78.63848	-0.48977274	0.010534326	0.0969	79.0	521.3723528385162
127	259.7674	27.396252	305.5589	214.75346	213.83333	78.543335	230.54875	162.80571	-5.2957344	1270000	0.0	390.79224	-0.0014254277	-118.21623	-0.5133263	0.006114303	0.0782	79.0	524.5698039531708
128	254.59706	25.405966	296.0686	85.92029	223.33333	73.41026	378.32077	170.05113	-33.80172	1280000	5.2154063e-09	506.9273	-0.0029914423	-153.548	-0.5179054	0.008159107	0.0958	79.0	527.7319777011871
129	261.31207	8.528646	293.0041	225.0532	220.9375	76.79542	273.69897	156.51492	5.776784	1290000	2.9802323e-09	594.7783	-0.0009955267	-350.59824	-0.5446582	0.0070918454	0.075100005	79.0	530.9462747573853
130	255.45847	37.01527	308.2822	156.07715	260.97058	68.94669	768.9237	159.51433	-1.0974364	1300000	0.0	265.1927	-0.0012019748	-58.967182	-0.55204225	0.0059336224	0.073699996	79.0	534.0956211090088
131	242.2187	60.3861	301.7679	24.715647	204.10811	76.53933	667.88983	165.81082	-15.964614	1310000	2.4214386e-09	743.8962	-0.0019281574	-168.29832	-0.5731362	0.01121445	0.1056	79.0	537.2161455154419
132	267.46555	18.857763	298.27295	225.35188	224.32353	72.05416	469.43503	162.91698	2.792666	1320000	4.4703485e-09	512.63245	-0.0016842295	-220.42773	-0.57877374	0.0101518	0.1032	79.0	540.4930322170258
133	251.25525	35.30291	313.2175	26.801704	219.1842	80.70363	283.2329	164.72888	2.365855	1330000	2.9802323e-09	445.54486	-0.0018666278	-114.41583	-0.5940306	0.0080909105	0.09859999	79.0	543.620979309082
134	248.5179	57.59802	298.86255	21.352423	227.3	74.201866	230.46913	165.4462	9.77453	1340000	-1.4901161e-09	924.8539	-0.0006147324	-462.57855	-0.58298516	0.0018227573	0.063999996	79.0	546.8098847866058
135	254.22467	50.160126	309.4832	53.327053	209.52942	71.50945	436.98514	161.73279	11.135043	1350000	-1.4901161e-09	558.8584	-0.0012996679	-117.157	-0.59575146	0.008848444	0.08099999	79.0	550.9042818546295
136	257.04694	22.076159	303.15817	204.64505	232.59375	69.00773	352.40854	161.79427	10.834302	1360000	0.0	515.68945	-0.00090693886	-198.11089	-0.59672135	0.0043806834	0.074	79.0	554.1934552192688
137	259.59015	39.401203	298.11816	143.59834	238.5625	67.23358	488.412	166.56413	15.802502	1370000	0.0	363.35715	-0.0017792726	-120.67881	-0.6123781	0.0064163716	0.0888	79.0	557.3784155845642
138	251.19699	56.75524	305.90445	15.2146	214.69768	82.82055	364.27545	163.97255	1.28922	1380000	0.0	437.58984	-0.002048378	-117.970825	-0.632156	0.010533346	0.0931	79.0	560.6008911132812
139	238.98802	58.622234	298.8245	11.56291	257.32144	70.53844	323.6999	166.0904	-5.898136	1390000	1.4901161e-09	1079.2744	-0.00097244495	-525.3204	-0.6398486	0.0024889144	0.072799996	79.0	564.1284835338593
140	261.04245	17.549538	302.93958	218.87695	218.72728	68.67685	531.1896	161.09479	-14.392653	1400000	-1.4901161e-09	361.2688	-0.0012981097	-103.1979	-0.65468	0.012293452	0.0833	79.0	567.4336440563202
141	240.5578	88.65384	301.68472	-232.99873	221.25	72.27365	210.4801	170.71043	-13.168267	1410000	-3.5390257e-09	1371.3823	-0.0015240979	-723.3086	-0.6628357	0.009991597	0.0801	79.0	570.4927954673767
142	262.24994	21.276098	307.09885	211.55086	214.55263	73.91055	427.2375	160.3489	-22.861893	1420000	1.6763806e-09	411.6372	-0.0016601607	-170.4173	-0.66944516	0.008838902	0.0854	79.0	573.5414133071899
143	244.66693	55.345783	295.29965	22.00938	231.91429	73.19509	747.1762	165.90396	7.314107	1430000	1.4901161e-09	623.35693	-0.0021943725	-134.24907	-0.6792612	0.009329182	0.105	79.0	576.6393375396729
144	258.03226	20.908478	301.5823	202.20459	232.0	72.54043	282.68784	162.48839	-7.1020293	1440000	-1.1175871e-09	494.38452	-0.0007809115	-211.28787	-0.6834178	0.0050000413	0.085599996	79.0	580.1154017448425
145	254.06259	47.687767	300.8486	-8.724013	227.225	75.6405	827.86395	175.04633	-37.75303	1450000	2.6077032e-09	342.2845	-0.0026283395	-105.65464	-0.702819	0.011518805	0.120000005	79.0	584.9122130870819
146	249.8673	52.1248	308.78973	21.894455	211.8108	79.07162	267.1618	169.49368	-37.032093	1460000	-1.3038516e-09	798.4341	-0.0014320934	-239.82841	-0.7229159	0.0053764544	0.08100001	79.0	587.8392608165741
147	247.51175	55.35571	302.39938	14.493766	219.33333	70.96056	384.64206	159.8651	-3.3863292	1470000	1.4901161e-09	440.0244	-0.0017397407	-110.6051	-0.73075074	0.008742963	0.0917	79.0	591.6819941997528
148	263.64133	15.891878	303.45053	218.4772	218.73685	73.90414	434.20618	168.29353	-17.807259	1480000	-1.7695129e-09	353.6779	-0.0033885327	-101.63718	-0.73816824	0.017568246	0.146	79.0	594.7422807216644
149	263.53644	21.654448	296.64542	205.41605	213.78049	83.624985	214.23691	165.09364	-2.2069104	1490000	-1.6763806e-09	189.01993	-0.0033776239	-30.070179	-0.7403014	0.0078116953	0.08669999	79.0	597.7428715229034
150	256.87823	16.413244	291.06378	200.11525	225.31429	78.884964	360.169	162.99805	19.074877	1500000	-5.2154063e-09	388.3706	-0.0018283468	-90.47663	-0.74410266	0.005175532	0.0739	79.0	600.7165455818176
