Epoch	AverageEpRet	StdEpRet	MaxEpRet	MinEpRet	EpLen	AverageVVals	StdVVals	MaxVVals	MinVVals	TotalEnvInteracts	LossPi	LossV	DeltaLossPi	DeltaLossV	Entropy	KL	ClipFrac	StopIter	Time
1	-1345.8512	398.31906	-746.0113	-1887.4993	200.0	0.0040991856	0.058405995	0.02057403	-0.013977276	20000	8.195639e-09	185885.78	-0.00014469805	-2529.267	0.91893846	0.0031203113	0.01735	79.0	3.90446138381958
2	-1307.3918	185.71272	-777.9608	-1883.7078	200.0	-3.6310036	7.708808	-0.7958765	-8.941436	40000	-1.1920929e-08	168842.05	-0.00026718416	-20235.395	0.9141186	0.002265205	0.013499999	79.0	6.704326629638672
3	-1270.9493	191.02238	-756.3167	-1837.841	200.0	-33.781143	74.00127	-3.141138	-82.060844	60000	3.7252903e-09	140764.58	-0.00037937477	-45729.438	0.90877455	0.002894429	0.02035	79.0	9.485200881958008
4	-1260.7369	248.45146	-708.40576	-1790.2003	200.0	-116.864365	175.7859	-7.2233925	-286.90714	80000	-7.450581e-09	97241.73	-0.00048907707	-34836.867	0.9080858	0.0032348908	0.019299999	79.0	12.392701387405396
5	-1232.0146	270.6068	-743.1926	-1881.9065	200.0	-230.18515	309.9668	-11.448971	-531.90985	100000	7.823109e-09	60677.945	-0.0005811817	-11096.457	0.89019424	0.0033184271	0.01625	79.0	15.376386880874634
6	-1202.2494	134.71931	-658.3216	-1814.2211	200.0	-288.25446	210.3844	-15.434135	-602.4369	120000	5.5879357e-10	46698.906	-0.0015730215	-6906.922	0.8911045	0.0028363485	0.01495	79.0	18.1764132976532
7	-1196.478	225.65868	-634.1089	-1783.3745	200.0	-299.67	298.9455	-21.464924	-567.98224	140000	-6.3329937e-09	40367.57	-0.0015899639	-6216.581	0.888025	0.003327445	0.022549998	79.0	21.03216028213501
8	-1192.5869	236.44917	-635.189	-1714.6447	200.0	-313.4758	545.2174	-30.83069	-544.38416	160000	-8.5681675e-09	32378.428	-0.0024958912	-3295.8352	0.88384026	0.0050069843	0.04	79.0	23.76560664176941
9	-1139.4825	204.35161	-650.6187	-1742.4442	200.0	-312.88666	556.8786	-44.787212	-500.8329	180000	-8.195639e-09	27880.188	-0.002465199	-2161.8953	0.8635901	0.0037973789	0.019949999	79.0	26.65343427658081
10	-1124.4465	313.36102	-628.27106	-1710.2758	200.0	-307.94318	986.87524	-64.06954	-465.55966	200000	-8.195639e-09	24409.475	-0.0030295674	-1308.8079	0.85342914	0.0029562672	0.0339	79.0	29.493972778320312
11	-1079.8676	216.5269	-730.6773	-1645.9733	200.0	-297.3045	735.17664	-81.48549	-438.7603	220000	-1.73226e-08	22376.477	-0.00416824	-1193.9086	0.83581626	0.004202694	0.0316	79.0	32.66126322746277
12	-1056.4811	231.50053	-631.24243	-1723.5923	200.0	-292.7559	772.1637	-105.027695	-418.69574	240000	-5.2154063e-09	20016.621	-0.0021188713	-736.1326	0.82477	0.0037153393	0.02175	79.0	35.63058090209961
13	-1024.457	150.75754	-627.2901	-1622.1346	200.0	-285.88065	411.6669	-122.37748	-412.97504	260000	4.842877e-09	18648.002	-0.0034944075	-800.8328	0.81785107	0.0058140913	0.051	79.0	38.61679792404175
14	-989.6119	109.74753	-633.3398	-1485.2191	200.0	-278.89737	339.97644	-144.80609	-398.661	280000	9.313226e-10	17221.559	-0.0014777116	-554.9069	0.78780115	0.0031253747	0.017299999	79.0	42.200509548187256
15	-971.0011	217.82817	-624.82043	-1506.8134	200.0	-274.8324	600.7357	-163.13228	-384.71786	300000	2.6077032e-09	16360.737	-0.003015555	-450.7625	0.7924712	0.004316398	0.027900001	79.0	46.189759254455566
16	-972.5228	216.17609	-671.8604	-1602.898	200.0	-278.6202	479.30853	-174.48709	-389.5011	320000	-5.401671e-09	16102.175	-0.0017794445	-89.93203	0.78337395	0.0039032758	0.03155	79.0	49.633289098739624
17	-930.6269	117.34619	-498.58722	-1596.1965	200.0	-273.6858	229.62563	-181.78195	-378.77917	340000	1.322478e-08	14297.19	-0.0028707099	-161.89493	0.77916515	0.004128989	0.02135	79.0	53.05800127983093
18	-984.1323	186.38022	-622.4987	-1571.7246	200.0	-269.48175	376.4718	-173.74455	-366.56934	360000	0.0	16140.447	-0.0015846171	-200.58594	0.77576274	0.0043347487	0.033099998	79.0	56.42534518241882
19	-943.39935	229.33572	-521.08044	-1705.1093	200.0	-272.8018	482.67303	-172.33542	-385.95978	380000	-7.823109e-09	15207.166	-0.0015256159	-99.81709	0.78082645	0.004299408	0.028600002	79.0	59.72391486167908
20	-883.3601	179.91684	-557.46924	-1594.0345	200.0	-259.02872	333.2959	-173.7607	-364.95618	400000	1.6763806e-09	13395.506	-0.0017732792	-237.23038	0.77643025	0.0032479223	0.028899997	79.0	63.03839874267578
21	-913.1947	137.92216	-610.435	-1714.2384	200.0	-250.3541	260.95544	-170.45499	-340.44473	420000	8.195639e-09	13828.06	-0.0045630485	-49.91416	0.7709702	0.004205026	0.034900002	79.0	66.63561344146729
22	-850.60034	165.09592	-507.9934	-1545.2224	200.0	-246.96484	278.03357	-168.4744	-352.6233	440000	-2.6077032e-09	12812.817	-0.0013906222	-183.96367	0.761269	0.0034522996	0.02575	79.0	70.07217383384705
23	-902.5832	171.8013	-627.2902	-1775.082	200.0	-241.90045	267.90292	-162.99536	-330.92392	460000	2.1420419e-09	13805.74	-0.0014423396	-201.6084	0.7598027	0.00357555	0.02665	79.0	73.4985499382019
24	-834.26086	153.62518	-493.95898	-1486.071	200.0	-239.57062	298.54947	-157.01855	-351.87592	480000	-2.6077032e-09	12361.927	-0.00223145	-121.071976	0.75349605	0.004384725	0.031349998	79.0	76.95911717414856
25	-835.1864	132.34207	-505.42035	-1481.432	200.0	-230.87836	230.17665	-151.66486	-336.624	500000	0.0	12147.005	-0.0026327972	-68.353615	0.75308454	0.0036193603	0.035350002	79.0	80.22775316238403
26	-782.8864	172.87411	-494.23053	-1450.8384	200.0	-222.80432	292.67154	-146.07352	-339.46603	520000	1.4901161e-09	10947.808	-0.0019195555	-145.65987	0.75084513	0.003486897	0.0313	79.0	83.49306011199951
27	-752.9353	184.16858	-373.38907	-1360.0934	200.0	-208.59476	296.02032	-138.62724	-319.7254	540000	-3.3527612e-09	10063.23	-0.0013049203	-84.535934	0.7419404	0.0047445754	0.02895	79.0	87.0054395198822
28	-728.2445	182.17061	-494.78876	-1336.0708	200.0	-201.37607	291.50586	-137.87144	-306.05692	560000	5.2154063e-09	9462.545	-0.0021759844	-114.99223	0.7440693	0.004091109	0.0347	79.0	90.32186079025269
29	-718.49396	127.28126	-377.99408	-1215.1665	200.0	-193.31929	161.75917	-132.00165	-297.97388	580000	-2.514571e-09	9021.844	-0.0019411752	-74.364456	0.72686565	0.0039028295	0.034749996	79.0	93.61796045303345
30	-660.77655	173.8179	-376.81372	-1113.8969	200.0	-185.1607	267.77124	-125.29444	-312.09042	600000	3.3527612e-09	8187.1807	-0.0023661354	-207.72705	0.7172605	0.004279472	0.0387	79.0	96.93811416625977
31	-672.22186	147.00026	-252.96016	-1718.6111	200.0	-174.79788	219.0958	-113.3858	-300.10437	620000	1.8626451e-09	8943.124	-0.0016734435	-207.48666	0.71279466	0.0043916604	0.03685	79.0	100.24970865249634
32	-573.3458	228.37032	-248.16083	-1090.5906	200.0	-163.59303	368.7129	-100.951416	-317.1549	640000	3.3527612e-09	7539.091	-0.0017432151	-697.72375	0.70860755	0.0033910319	0.04305	79.0	103.5696587562561
33	-545.9295	236.78197	-127.82778	-1260.5988	200.0	-135.9877	363.4602	-76.61682	-286.5163	660000	-2.2351743e-09	6567.85	-0.002007895	-78.501175	0.70211995	0.0061048665	0.052950002	79.0	106.90028929710388
34	-454.4786	228.49959	-2.2989137	-1291.275	200.0	-121.30255	359.45218	-66.809006	-286.31732	680000	-3.7252904e-10	6057.134	-0.0016477745	-845.35175	0.69550496	0.0056189313	0.05345	79.0	110.17850089073181
35	-369.10464	207.83298	-0.6403234	-1177.0143	200.0	-89.05128	359.39264	-42.12595	-263.77386	700000	3.7252904e-10	4546.306	-0.0012118279	-657.8202	0.69344103	0.003920523	0.0328	79.0	113.6084053516388
36	-305.1473	172.66449	-0.9366233	-783.2775	200.0	-64.666176	323.88828	-25.459627	-250.90253	720000	3.9115546e-09	2867.7427	-0.0016932478	-254.73315	0.68322957	0.0021528068	0.03315	79.0	117.1813108921051
37	-293.04227	275.85004	-0.58385885	-994.2947	200.0	-52.39032	484.24286	-16.297388	-242.10152	740000	1.1175871e-09	2684.3154	-0.00079681363	-167.13072	0.69199973	0.0031364826	0.0228	79.0	120.6570680141449
38	-297.5617	184.04251	-0.9407599	-993.7617	200.0	-50.8072	352.46597	-11.342451	-241.83972	760000	2.9802323e-09	2439.3508	-0.0013046426	-50.999046	0.69019043	0.003823673	0.03675	79.0	124.0881597995758
39	-270.04056	151.1574	-0.68046874	-1226.5762	200.0	-44.178307	281.85016	-8.305153	-245.95749	780000	-2.2351743e-09	2245.8315	-0.0012782483	-39.579456	0.68803567	0.0031328662	0.02265	79.0	127.37820410728455
40	-230.30223	221.00272	-0.60231644	-775.69104	200.0	-35.68797	410.8835	-6.0463214	-241.96532	800000	-1.4901161e-09	1392.8176	-0.0009123709	-94.76903	0.7057021	0.003808333	0.026800001	79.0	130.80113077163696
41	-243.8473	249.08224	-0.51786983	-747.03186	200.0	-32.63998	422.6641	-4.3889885	-217.129	820000	5.5879357e-10	1331.3965	-0.0009329058	-7.0840697	0.68595755	0.0024250902	0.034750003	79.0	134.3001253604889
42	-232.35207	154.95213	-0.38548425	-649.9196	200.0	-30.16721	259.56992	-3.6937048	-211.09372	840000	-1.4901161e-09	1153.1035	-0.0011871781	-16.578625	0.6726196	0.005204975	0.050300002	79.0	137.77111172676086
43	-238.53525	122.93607	-0.47888628	-778.21765	200.0	-29.205887	199.40562	-3.0984707	-201.14134	860000	-4.842877e-09	1251.8508	-0.0025710831	-6.101239	0.6555786	0.002814419	0.02155	79.0	141.5303831100464
44	-242.89821	155.13904	-0.39960185	-705.80054	200.0	-30.1421	252.51143	-2.8551817	-204.87671	880000	1.4901161e-09	1199.9478	-0.002084795	-3.6601014	0.64171016	0.0033715616	0.022	79.0	144.91350865364075
45	-225.7798	124.17514	-0.44537804	-827.6603	200.0	-27.487787	202.94128	-2.5692375	-199.99916	900000	2.0489097e-09	1202.2693	-0.0013603189	-3.7533264	0.6638919	0.0012606995	0.012399999	79.0	148.3527467250824
46	-212.5576	96.89349	-0.4368337	-678.2515	200.0	-26.104721	156.03355	-2.4092054	-199.75868	920000	-1.6763806e-09	956.0404	-0.0030340806	-14.856036	0.6590723	0.003212036	0.027849998	79.0	151.68550276756287
47	-210.58942	152.1032	-0.7046032	-607.92194	200.0	-24.192392	237.45009	-2.0436468	-187.2476	940000	0.0	897.8115	-0.0014813975	-25.158804	0.63639104	0.0015052615	0.0108	79.0	155.28046798706055
48	-232.3327	125.462585	-0.43241206	-676.53296	200.0	-25.79071	187.941	-1.7750205	-195.54526	960000	-2.6077032e-09	1112.2156	-0.0018735093	-22.807934	0.62142575	0.0028763989	0.015899999	79.0	158.9918246269226
49	-225.11621	84.812614	-0.38545942	-589.0601	200.0	-26.58884	137.42221	-1.8633131	-196.3464	980000	-8.8475643e-10	908.647	-0.0018571994	-17.524532	0.6156829	0.003651819	0.045	79.0	162.61903476715088
50	-214.31956	152.01004	-0.4928427	-718.8235	200.0	-23.811901	229.62198	-1.5385184	-187.79575	1000000	2.3283064e-09	1063.1505	-0.0013845747	-3.436084	0.5935799	0.0025469218	0.014649999	79.0	166.0200366973877
51	-222.06209	98.437035	-0.3397697	-754.90015	200.0	-25.242893	159.58632	-1.5381778	-191.13686	1020000	-2.7939677e-09	1017.2529	-0.0023626755	-1.6834717	0.60852635	0.0022622845	0.0162	79.0	169.53535842895508
52	-207.14146	142.12224	-0.23000808	-734.592	200.0	-23.38261	218.49136	-1.3710176	-190.79984	1040000	-2.4214386e-09	916.5793	-0.0011858575	-4.3776336	0.60819733	0.003341042	0.01735	79.0	173.07389450073242
53	-220.99992	147.60376	-0.7653258	-867.1453	200.0	-24.061104	228.33351	-1.1619803	-191.74083	1060000	-1.1175871e-09	1068.643	-0.0012549997	-5.849481	0.5966641	0.0049239034	0.05195	79.0	176.56560564041138
54	-209.49678	150.47585	-0.38102892	-1030.8885	200.0	-22.914646	235.12444	-1.0480435	-184.3885	1080000	3.7252904e-10	1242.6265	-0.001025985	-21.355045	0.5756463	0.002745533	0.01815	79.0	180.06824207305908
55	-195.2318	100.215576	-0.39068258	-805.4818	200.0	-22.21631	158.6061	-1.0381138	-208.47769	1100000	-1.1175871e-09	873.91974	-0.0012924375	-26.59317	0.56587076	0.0052382597	0.03725	79.0	183.34655618667603
56	-203.28406	163.13776	-0.39209402	-677.98236	200.0	-21.000366	235.31233	-0.6778285	-185.84038	1120000	-3.4458936e-09	885.55743	-0.00108397	-2.0908751	0.5710703	0.0028091124	0.0148	79.0	186.61873483657837
57	-206.6912	88.183105	-0.36995646	-649.0602	200.0	-21.702852	136.56555	-0.6200597	-186.34607	1140000	1.1175871e-09	956.26984	-0.0013444833	-4.158606	0.5631267	0.0016109797	0.0099	79.0	189.94031238555908
58	-182.81496	118.93381	-0.40007406	-596.8315	200.0	-19.664316	189.08585	-0.62202764	-188.8876	1160000	-5.5879357e-10	712.78186	-0.0017373891	-27.77717	0.57039607	0.0027608424	0.0227	79.0	193.34170651435852
59	-200.02399	120.792786	-0.2794302	-774.6252	200.0	-19.276854	166.61191	-0.30448294	-171.64085	1180000	-2.2351743e-09	965.88025	-0.0011024231	-28.083424	0.56645405	0.0026615127	0.01355	79.0	197.2337851524353
60	-194.60854	123.39068	-0.46828976	-629.08374	200.0	-20.217335	186.93242	-0.42260188	-193.64096	1200000	4.5169144e-09	786.15344	-0.0011772459	-1.9423707	0.5781807	0.0014676184	0.00895	79.0	201.00382351875305
61	-186.35136	89.740395	-0.51536226	-948.37305	200.0	-19.26044	133.92403	-0.41601133	-190.93573	1220000	2.2351743e-09	905.5633	-0.0018804154	-15.209177	0.59303606	0.0048938068	0.04415	79.0	204.22074437141418
62	-198.20157	155.77748	-0.28448015	-639.0509	200.0	-19.711567	230.01369	-0.28438178	-179.67838	1240000	-4.656613e-11	811.73956	-0.0010801809	-8.032748	0.5662748	0.002814975	0.02275	79.0	207.25688099861145
63	-173.72552	126.44389	-0.31157628	-612.22815	200.0	-17.047058	175.32735	-0.23646891	-176.5111	1260000	2.2351743e-09	644.8055	-0.0012874774	-3.7484405	0.55443335	0.0014176716	0.01	79.0	210.36490058898926
64	-200.91269	107.34004	-0.22940437	-806.5385	200.0	-19.294024	149.27068	-0.13752204	-176.68456	1280000	0.0	930.0184	-0.0015557685	-31.635437	0.5558523	0.0022197987	0.010500001	79.0	213.74418091773987
65	-199.08965	153.71103	-0.26251128	-612.2569	200.0	-20.673466	231.67624	-0.30597487	-187.3625	1300000	1.9557773e-09	796.73865	-0.0018857671	-9.4002075	0.5531014	0.0028741783	0.02025	79.0	217.48956561088562
66	-173.81982	94.25322	-0.2807515	-691.69275	200.0	-17.07888	133.29282	-0.15937977	-171.19833	1320000	-7.4505807e-10	670.0419	-0.0012453274	-9.199512	0.5703405	0.0023988886	0.01305	79.0	221.50590014457703
67	-196.16391	109.22358	-0.30831456	-730.7309	200.0	-18.280401	149.40169	-0.012839302	-169.30186	1340000	1.8626452e-10	926.41504	-0.0013695352	-24.871578	0.5674294	0.002620358	0.018550001	79.0	225.04287457466125
68	-183.49059	91.847145	-0.33056074	-513.96246	200.0	-18.865622	134.38531	-0.23636335	-180.83354	1360000	-1.1175871e-09	618.0173	-0.0019196192	-26.702856	0.59059775	0.002432139	0.01775	79.0	228.35168027877808
69	-192.41258	146.871	-0.2879843	-612.9032	200.0	-17.728497	194.77803	0.05870956	-172.64093	1380000	-3.7252904e-10	782.3178	-0.0011151762	-59.007496	0.5913657	0.001212792	0.0074	79.0	231.6880819797516
70	-187.06094	154.1014	-0.4215357	-553.04535	200.0	-18.56979	230.25284	-0.11290093	-197.17163	1400000	-1.3038516e-09	626.5221	-0.0015044045	-29.601643	0.5972296	0.0014971949	0.0169	79.0	235.02886772155762
71	-210.06343	140.97592	-0.2362982	-543.3993	200.0	-18.99526	194.37218	0.12889636	-165.74722	1420000	1.1175871e-09	779.98596	-0.0010313943	-23.190075	0.571911	0.0015648969	0.0144500015	79.0	238.3663718700409
72	-192.09892	112.915535	-0.21363556	-506.72318	200.0	-19.198368	164.20332	-0.13279124	-175.16063	1440000	7.4505807e-10	635.1585	-0.001787028	-10.718161	0.5671934	0.0011807069	0.0107	79.0	241.72492289543152
73	-164.7454	106.49495	-0.4123254	-554.6575	200.0	-15.117302	144.65196	0.07778807	-164.37093	1460000	4.842877e-09	547.0558	-0.002382443	-14.323657	0.5619563	0.0043441867	0.0435	79.0	245.0348916053772
74	-179.15878	136.45699	-0.23731177	-544.0091	200.0	-15.251484	170.45403	0.19484335	-150.27902	1480000	-3.5390257e-09	621.4291	-0.0013688623	-19.70019	0.5549797	0.004141882	0.029050002	79.0	248.344012260437
75	-172.63806	101.74942	-0.37593818	-490.31067	200.0	-16.186203	143.7327	-0.047746137	-172.08185	1500000	-7.4505807e-10	530.748	-0.0025475062	-25.627466	0.5411321	0.0047479547	0.0297	79.0	251.65286469459534
76	-197.75021	81.05257	-0.28926134	-926.29175	200.0	-16.74371	94.7791	0.14304475	-147.28616	1520000	-3.7252903e-09	1056.322	-0.0009337263	-65.60474	0.540352	0.0022565636	0.01035	79.0	254.93701791763306
77	-197.44518	147.71402	-0.31759337	-607.6333	200.0	-20.019815	211.393	-0.26398408	-182.99834	1540000	-1.1175871e-09	852.52814	-0.00080177345	-21.213171	0.53390324	0.002096656	0.01185	79.0	258.26804280281067
78	-183.75748	66.61305	-0.2888839	-613.96216	200.0	-19.637026	106.694496	-0.29112124	-194.20476	1560000	-5.5879357e-10	690.65735	-0.0030146646	-100.81545	0.53138274	0.0016608719	0.015999999	79.0	261.6240918636322
79	-183.77832	98.515945	-0.26124203	-587.3939	200.0	-16.642561	132.66158	0.07796015	-180.97261	1580000	-4.656613e-09	647.52673	-0.0015937022	-22.419834	0.5172578	0.0012525966	0.014049999	79.0	264.952933549881
80	-193.39302	188.60204	-0.25918838	-757.3734	200.0	-17.708845	253.11955	0.04714665	-162.07294	1600000	-2.0489097e-09	759.6421	-0.00071505195	-5.2468414	0.525607	0.006108801	0.0632	79.0	268.3517642021179
81	-190.36838	128.96204	-0.28869274	-625.3064	200.0	-18.138044	185.89262	-0.015276521	-168.61754	1620000	-3.7252903e-09	661.4303	-0.0015161231	-7.155182	0.502082	0.0022244002	0.014450001	79.0	272.7974510192871
82	-176.85365	122.7367	-0.22854611	-624.2766	200.0	-16.241802	168.23137	0.010423824	-166.33621	1640000	3.7252904e-10	570.2108	-0.0015887029	-6.4261184	0.49514383	0.0029318198	0.03325	79.0	276.2478361129761
83	-175.62408	94.19064	-0.29346603	-528.4835	200.0	-15.484762	122.7263	0.09163819	-157.12689	1660000	-7.4505807e-10	559.4106	-0.0014733113	-2.5710206	0.46727172	0.0026767761	0.015350001	79.0	279.73457980155945
84	-182.57729	96.979195	-0.16716833	-743.5295	200.0	-16.300438	126.643906	-0.01934895	-157.4106	1680000	-1.3038516e-09	731.8182	-0.001519691	-15.829059	0.4837884	0.0020759285	0.0119	79.0	283.7829248905182
85	-180.85078	95.85509	-0.2572893	-524.8746	200.0	-17.448273	136.48468	-0.21752286	-175.4491	1700000	7.4505807e-10	601.32776	-0.0022176513	-3.047589	0.46989498	0.0018035446	0.01215	79.0	287.207882642746
86	-172.3941	105.87305	-0.24591012	-565.48334	200.0	-16.063963	147.80959	-0.11385295	-168.96912	1720000	2.2351743e-09	608.2723	-0.0010698085	-4.9481325	0.4810357	0.004768626	0.0443	79.0	290.5088322162628
87	-195.25587	129.06107	-0.23158951	-474.79254	200.0	-18.042463	176.80617	-0.14016904	-158.99797	1740000	0.0	619.7279	-0.0010918957	-2.5135314	0.45413965	0.0031002103	0.02315	79.0	293.8248953819275
88	-151.443	120.26429	-0.25581563	-569.4123	200.0	-14.209842	160.70358	-0.16640353	-164.35637	1760000	3.3527612e-09	469.9007	-0.0015824052	-18.391376	0.43877786	0.0052229413	0.042749997	79.0	297.139878988266
89	-175.91379	92.14711	-0.16094115	-536.1216	200.0	-14.851667	113.622536	0.0655341	-148.84917	1780000	7.4505807e-10	533.4875	-0.0015024218	-7.1679506	0.44830418	0.0013675028	0.0126	79.0	300.4413733482361
90	-175.5123	140.45265	-0.12948424	-491.43994	200.0	-15.84339	181.53906	-0.12523665	-162.86618	1800000	2.7939677e-09	567.05695	-0.0014651639	-12.901831	0.46816388	0.002179906	0.01395	79.0	303.966383934021
91	-186.75188	86.12364	-0.32633454	-648.7355	200.0	-16.935865	116.12398	-0.14058815	-163.5396	1820000	3.7252903e-09	671.63086	-0.001113192	-8.34154	0.4673718	0.0018482534	0.0164	79.0	307.3059039115906
92	-153.43518	123.85728	-0.22099276	-449.92676	200.0	-14.125154	167.13145	-0.070123956	-163.02008	1840000	-3.7252904e-10	427.21075	-0.0016492661	-20.992863	0.47896728	0.011058385	0.08475	79.0	310.62707257270813
93	-178.02112	124.89973	-0.26232108	-432.04514	200.0	-14.8943	159.37688	0.17783561	-157.58852	1860000	-5.401671e-09	484.7486	-0.0015895965	-13.982346	0.5073937	0.0051948726	0.06525	79.0	313.96541237831116
94	-161.69385	103.43964	-0.22861198	-498.34567	200.0	-13.934935	132.7149	0.005228609	-153.00572	1880000	5.5879357e-10	444.02475	-0.0014520837	-9.27908	0.4738101	0.0016872564	0.015599999	79.0	317.2574164867401
95	-173.9527	76.62373	-0.30624843	-593.87665	200.0	-14.83712	98.77602	-0.02026242	-154.2112	1900000	4.4703485e-09	626.3535	-0.0013689982	-19.523249	0.47162628	0.0020263544	0.014649999	79.0	320.5559389591217
96	-187.98996	97.824936	-0.2997523	-572.20825	200.0	-17.336452	130.53258	-0.11212018	-161.41774	1920000	3.3527612e-09	565.4061	-0.0014680953	-2.2160523	0.47818574	0.002232783	0.01355	79.0	323.895015001297
97	-167.97119	126.40677	-0.22563908	-419.34253	200.0	-15.530809	169.95999	-0.04103136	-159.55122	1940000	3.1664968e-09	497.30606	-0.0018399128	-5.2142806	0.4909006	0.002578218	0.013150001	79.0	327.18292236328125
98	-193.51637	108.06481	-0.404774	-521.79895	200.0	-17.137873	138.46225	0.02013202	-156.16382	1960000	-3.259629e-09	617.9794	-0.0019560615	-3.0816193	0.4798574	0.0068622157	0.0709	79.0	330.52125120162964
99	-191.12004	132.40337	-0.21405837	-535.4923	200.0	-17.608248	176.31734	0.043986693	-162.2646	1980000	2.9802323e-09	629.621	-0.0012417892	-15.477911	0.45121384	0.0036952593	0.0343	79.0	333.8518981933594
100	-179.37286	129.7409	-0.24112591	-571.2451	200.0	-17.266476	176.15775	0.46409798	-170.92532	2000000	-2.2351743e-09	563.1456	-0.001577911	-43.988663	0.43638667	0.0045083133	0.03895	79.0	337.2060582637787
