Epoch	AverageEpRet	StdEpRet	MaxEpRet	MinEpRet	EpLen	AverageVVals	StdVVals	MaxVVals	MinVVals	TotalEnvInteracts	LossPi	LossV	DeltaLossPi	DeltaLossV	Entropy	KL	ClipFrac	StopIter	Time
1	-1180.2178	265.28397	-766.7087	-1874.9768	200.0	-0.024075469	0.04314243	0.009975183	-0.09150028	20000	-3.948808e-08	141684.95	-0.00025928902	-2589.9539	0.91893846	0.0029249087	0.015349999	79.0	4.210248708724976
2	-1149.0562	291.87335	-752.2827	-1822.4688	200.0	-4.390509	7.5032315	-0.85861933	-11.40362	40000	-1.7136335e-08	129037.3	-0.00025320216	-19342.865	0.9141914	0.0025439449	0.028549999	79.0	7.510354280471802
3	-1115.3064	362.72067	-721.44324	-1853.191	200.0	-38.947067	145.99652	-3.7225957	-108.65554	60000	3.7252904e-10	104537.31	-0.00018955584	-34659.93	0.8910502	0.0036886625	0.01725	79.0	11.031200170516968
4	-1147.352	339.99094	-745.2264	-1876.8475	200.0	-121.51212	276.7747	-8.481311	-347.49448	80000	-6.7055224e-09	79392.56	-0.00039113336	-24797.13	0.88416064	0.0038971852	0.0319	79.0	14.8703293800354
5	-1076.9425	339.65356	-634.3968	-1757.7914	200.0	-222.75137	347.1218	-12.890915	-545.6846	100000	0.0	47295.7	-0.00053164765	-7044.0327	0.90316886	0.002491578	0.012399999	79.0	18.137907028198242
6	-1086.7708	266.3631	-672.8434	-1751.8594	200.0	-240.88362	217.96457	-19.412413	-506.1133	120000	-8.381903e-09	40898.77	-0.0012204109	-6569.367	0.89937127	0.002941864	0.0287	79.0	21.366152048110962
7	-1117.7273	185.24692	-638.63385	-1779.2611	200.0	-269.41995	335.46658	-30.663568	-510.6157	140000	-4.2840838e-09	34444.57	-0.0019239396	-5534.04	0.8994482	0.0037260675	0.027399998	79.0	24.693966150283813
8	-1070.016	226.96478	-677.97003	-1699.8141	200.0	-283.0958	583.42505	-41.763126	-520.8027	160000	-1.4901161e-09	27798.16	-0.0032203342	-3417.787	0.903557	0.0048356825	0.0358	79.0	27.977008819580078
9	-1031.3699	186.62161	-628.1838	-1605.9022	200.0	-276.51474	520.94135	-64.68018	-466.37256	180000	1.1175871e-09	22640.746	-0.0022002184	-2001.5686	0.922747	0.004573169	0.0361	79.0	31.491774797439575
10	-1021.28284	249.7647	-641.1621	-1482.3916	200.0	-277.00085	789.9146	-90.69703	-432.62698	200000	2.2351743e-09	19504.004	-0.0037196856	-1380.6704	0.93585855	0.0030345428	0.02635	79.0	34.70010471343994
11	-974.95685	167.7624	-627.10675	-1519.3086	200.0	-272.0278	491.47516	-117.791336	-401.70615	220000	3.3527612e-09	18374.098	-0.005110418	-845.7127	0.926729	0.0038828712	0.0383	79.0	37.928152084350586
12	-946.53955	178.49844	-610.80664	-1502.9384	200.0	-268.2408	432.95984	-137.88213	-385.6176	240000	-4.4703485e-09	16015.195	-0.0020248946	-738.2243	0.9160512	0.0039357287	0.02685	79.0	41.136616230010986
13	-950.84143	149.82266	-628.07086	-1381.0458	200.0	-266.67416	365.73703	-154.83101	-372.2739	260000	5.5879354e-09	14347.365	-0.0025810017	-179.47617	0.9071387	0.004035211	0.03585	79.0	44.36305904388428
14	-904.0817	108.66576	-581.8215	-1393.6447	200.0	-261.45435	266.37106	-161.19395	-371.44394	280000	9.220093e-09	13101.404	-0.0027092171	-279.71933	0.8816711	0.0026457203	0.03095	79.0	47.79804801940918
15	-871.8655	141.42836	-504.93756	-1395.4764	200.0	-246.96774	318.80606	-162.1286	-351.16476	300000	-1.974404e-08	12434.465	-0.0039733546	-170.68877	0.86824906	0.0040732296	0.0347	79.0	51.087005853652954
16	-872.48065	139.61003	-501.37952	-1293.7511	200.0	-246.1275	311.58398	-166.39973	-340.52478	320000	5.9604646e-09	11679.455	-0.003941069	-135.27197	0.8460332	0.0034424127	0.0326	79.0	54.38519072532654
17	-841.0126	132.57387	-504.01767	-1464.7815	200.0	-237.85605	250.84776	-161.96745	-335.56317	340000	1.1175871e-08	11867.0	-0.003056433	-91.36035	0.8344472	0.0034229911	0.027	79.0	57.915775775909424
18	-823.1906	128.36554	-375.94485	-1221.4348	200.0	-233.62115	210.9612	-160.67615	-330.59665	360000	-2.8871e-09	10984.99	-0.0025252695	-217.07657	0.8283442	0.004136585	0.041100003	79.0	61.365246057510376
19	-842.21576	154.42343	-498.95398	-1527.7166	200.0	-226.54718	261.17545	-145.9881	-331.21713	380000	-3.7252903e-09	10788.956	-0.0015504669	-198.59482	0.8184757	0.0027742195	0.024	79.0	64.75528478622437
20	-773.1331	161.99496	-503.63336	-1125.4727	200.0	-215.28075	325.13757	-136.47263	-340.7265	400000	-3.0733645e-09	9305.904	-0.002023982	-324.04132	0.8060958	0.003528423	0.03785	79.0	68.24045181274414
21	-698.1199	134.04358	-380.4072	-1215.5924	200.0	-200.96097	215.55215	-131.6645	-327.06903	420000	4.4703485e-09	8223.007	-0.0023389664	-346.9134	0.8058424	0.0048997975	0.039699998	79.0	71.74040150642395
22	-707.43896	192.54103	-249.63402	-1231.3876	200.0	-191.18181	279.15366	-129.79803	-300.9593	440000	3.7252904e-10	8019.0312	-0.001782956	-263.14023	0.81330967	0.0040812087	0.04395	79.0	75.29043078422546
23	-622.43256	72.46773	-249.64124	-1082.6625	200.0	-177.753	116.657715	-116.37123	-310.37207	460000	4.842877e-09	7064.3687	-0.0058263307	-517.8639	0.80087835	0.004293265	0.0635	79.0	79.09971523284912
24	-591.1489	222.22511	-126.51684	-1214.074	200.0	-160.4358	297.14526	-103.83663	-291.29825	480000	1.3969839e-09	6716.2354	-0.0011052331	-719.1931	0.7734473	0.002896288	0.030949999	79.0	83.45863151550293
25	-446.2185	135.98514	-124.10667	-1043.1251	200.0	-128.89494	180.92438	-80.379814	-299.97717	500000	2.6077032e-09	5500.9585	-0.002336673	-834.4723	0.76901734	0.00333468	0.0477	79.0	86.89758658409119
26	-419.81866	240.32185	-1.2542403	-1216.996	200.0	-103.42369	388.9973	-58.669666	-283.11334	520000	7.4505807e-10	4359.7866	-0.0013332204	-497.27304	0.7643856	0.004230715	0.04045	79.0	90.51627516746521
27	-374.5333	274.33707	-0.8256483	-886.20294	200.0	-87.074615	493.75662	-43.448997	-290.08273	540000	-3.1664968e-09	3017.0547	-0.0010470187	-687.76544	0.7651309	0.0044273087	0.03635	79.0	93.74957060813904
28	-277.75534	238.0289	-0.77716696	-772.65894	200.0	-59.159313	458.03247	-25.655481	-293.0223	560000	2.4214386e-09	1806.7777	-0.0011562884	-317.06976	0.7735323	0.0026191785	0.0171	79.0	96.9745740890503
29	-308.33817	212.12213	-0.5650889	-974.74554	200.0	-53.58167	400.07736	-15.572852	-292.19946	580000	-7.4505807e-10	1397.8466	-0.001431814	-202.31934	0.77751476	0.0024845214	0.01875	79.0	100.16778683662415
30	-308.18475	167.6499	-0.6785084	-834.7701	200.0	-50.01015	327.67065	-10.503076	-303.50656	600000	-1.8626452e-10	997.535	-0.0011038346	-149.8237	0.7769841	0.0023956834	0.01695	79.0	103.27957105636597
31	-279.783	97.034775	-0.43196556	-699.25665	200.0	-41.179474	199.8996	-7.0906453	-305.7143	620000	0.0	659.6411	-0.0013530384	-96.01698	0.7645728	0.0017948989	0.01905	79.0	106.41878485679626
32	-253.33383	189.70721	-0.6629369	-727.3495	200.0	-34.45225	411.49298	-4.8936353	-304.2596	640000	-2.6077032e-09	452.64276	-0.001985108	-46.292732	0.76029694	0.0025141113	0.027449999	79.0	109.50759243965149
33	-238.48175	111.46242	-0.47369513	-635.9095	200.0	-29.902494	220.87752	-3.3740537	-303.7302	660000	7.4505807e-10	337.11795	-0.0024976924	-32.51237	0.7552737	0.0015540026	0.021	79.0	112.97592043876648
34	-216.10574	145.61871	-0.8001757	-613.24677	200.0	-24.694197	290.25357	-1.9546157	-303.11307	680000	1.1175871e-09	246.07486	-0.0025163484	-18.183264	0.75858474	0.0023275358	0.0178	79.0	116.57802772521973
35	-222.90366	149.10747	-0.39980343	-799.0131	200.0	-24.355188	296.21277	-0.5147818	-303.08548	700000	7.4505807e-10	262.3089	-0.0012103729	-11.43104	0.75253713	0.0024415064	0.01785	79.0	120.0237123966217
36	-188.93532	92.70117	-0.6248586	-490.76538	200.0	-18.9395	178.2372	0.3282459	-300.013	720000	-2.2351743e-09	171.59723	-0.0017278824	-10.290596	0.75899583	0.0015666119	0.0211	79.0	123.35495972633362
37	-212.90211	199.57356	-0.98166806	-502.8986	200.0	-21.301556	379.69528	1.5203449	-299.5889	740000	-3.7252904e-10	171.95157	-0.0012143932	-5.4641123	0.73799956	0.0023162372	0.015999999	79.0	126.54459357261658
38	-204.61128	159.61806	-0.42673877	-605.7217	200.0	-20.799006	330.04294	1.2892877	-302.17825	760000	0.0	167.05154	-0.0007304014	-5.639178	0.72817063	0.0025140285	0.023899999	79.0	129.6639666557312
39	-171.56339	111.35797	-0.46701485	-457.86942	200.0	-16.05699	202.49202	2.1203108	-300.36157	780000	-7.4505807e-10	118.23169	-0.0012839552	-5.560429	0.72357285	0.001487511	0.014599999	79.0	132.75885128974915
40	-194.92441	97.36822	-0.86685526	-518.6815	200.0	-17.31562	193.11844	3.3138118	-296.92834	800000	-1.1175871e-09	153.03694	-0.0011009283	-5.1637716	0.7062597	0.0040738927	0.04405	79.0	135.84100341796875
41	-183.34467	120.25757	-0.4165613	-648.553	200.0	-17.370308	217.9675	2.4638789	-296.30338	820000	1.1175871e-09	176.69247	-0.0014356032	-3.4178681	0.6817646	0.001364716	0.0131	79.0	138.96094155311584
42	-182.71504	101.34497	-0.36295295	-571.36444	200.0	-16.70946	186.59784	2.7372048	-295.1733	840000	-3.7252904e-10	158.09245	-0.0010957906	-3.6325843	0.6704341	0.0028022006	0.0202	79.0	142.0763726234436
43	-179.01268	129.99452	-0.3729637	-478.66757	200.0	-16.72606	235.23373	2.6778495	-292.75925	860000	-7.4505807e-10	152.29585	-0.0010804615	-7.111033	0.666083	0.0014248764	0.0123000005	79.0	145.181964635849
44	-164.42867	60.18453	-0.55444604	-380.67065	200.0	-14.171133	125.06208	2.944224	-288.42746	880000	3.7252904e-10	117.666176	-0.000704711	-5.0980515	0.6514281	0.0010491704	0.01235	79.0	148.69158792495728
45	-179.405	114.27276	-0.43291637	-469.3645	200.0	-15.480403	208.10866	3.7822058	-284.07208	900000	-8.381903e-10	127.18961	-0.0007589812	-2.356484	0.6385025	0.0023656064	0.0185	79.0	151.9002561569214
46	-168.58028	124.36219	-0.31623307	-430.30054	200.0	-14.700465	200.5472	3.8177397	-281.37766	920000	3.7252904e-10	124.93419	-0.0014464735	-4.1472826	0.62524116	0.0030841276	0.027600002	79.0	155.43273401260376
47	-168.73529	74.97114	-0.35187504	-460.7398	200.0	-14.517406	128.30293	3.5876276	-280.69382	940000	-7.4505807e-10	95.367676	-0.0009967008	-3.8473835	0.6126932	0.0017655765	0.014049999	79.0	158.55825781822205
48	-201.6723	76.74151	-0.3949561	-557.45874	200.0	-17.97552	109.323715	4.707832	-277.37738	960000	-2.6077032e-09	141.91035	-0.0010037918	-3.8906472	0.5894847	0.0016707827	0.01175	79.0	161.83936762809753
49	-174.596	130.71379	-0.28425112	-481.4108	200.0	-15.366775	241.35905	3.6163354	-278.53607	980000	1.1175871e-09	97.86833	-0.0017775539	-1.9866836	0.57903564	0.0022195776	0.023650002	79.0	165.2596652507782
50	-192.83592	118.078545	-0.7074674	-488.0166	200.0	-17.030045	203.25627	3.545499	-278.10266	1000000	7.4505807e-10	125.00138	-0.00074844767	-3.040676	0.54729223	0.0008918617	0.01205	79.0	168.99272894859314
51	-157.6504	61.22935	-0.2713058	-397.8745	200.0	-12.880751	81.76014	4.131052	-270.3105	1020000	1.4901161e-09	121.13916	-0.0015177822	-4.9107146	0.5554512	0.0016536459	0.012999999	79.0	172.72231554985046
52	-174.11078	101.43927	-0.3570576	-448.42267	200.0	-14.953627	171.53337	3.8818588	-274.49124	1040000	1.0244549e-09	107.79521	-0.0007169632	-2.5229003	0.53848445	0.002060221	0.0142	79.0	175.97408246994019
53	-154.24039	91.33706	-0.3054983	-366.77292	200.0	-12.55091	145.79932	3.5553992	-260.39923	1060000	-7.4505807e-10	100.1541	-0.00057747174	-6.238196	0.53569585	0.0014832814	0.01175	79.0	179.5371129512787
54	-152.83823	76.19243	-0.3799202	-384.8375	200.0	-11.548964	110.3282	4.2868557	-257.8866	1080000	0.0	85.4189	-0.0015064208	-2.2783554	0.5434581	0.0019838165	0.0162	79.0	182.68254232406616
55	-165.94073	127.73293	-0.55573386	-399.07678	200.0	-13.722169	227.72765	3.916103	-261.90002	1100000	-1.8626452e-10	103.91504	-0.0007462896	-3.91715	0.5586258	0.0060307593	0.048599996	79.0	186.11681723594666
56	-154.76631	76.72695	-0.30521017	-415.81622	200.0	-12.061619	116.43305	3.6880932	-252.04898	1120000	1.8626452e-10	93.0255	-0.00077850954	-6.0531626	0.5383147	0.0016939023	0.012250001	79.0	190.07935762405396
57	-152.03131	93.015144	-0.26355243	-419.02332	200.0	-12.493834	146.99269	4.590697	-258.78403	1140000	1.1175871e-09	99.034004	-0.0005460904	-3.6162524	0.5408634	0.0027689436	0.01785	79.0	193.6922824382782
58	-184.81625	133.37027	-0.36111924	-420.21887	200.0	-15.420412	204.20607	4.5733185	-255.36835	1160000	0.0	97.222275	-0.0010256928	-3.224216	0.52473223	0.0035180345	0.030949999	79.0	197.01248049736023
59	-166.75285	68.268364	-0.3452422	-477.89355	200.0	-13.295433	128.3115	5.375745	-257.4325	1180000	-2.0489097e-09	85.37811	-0.0011495133	-2.4506645	0.53452384	0.0031100358	0.0211	79.0	200.68664526939392
60	-158.82721	69.305145	-0.5346119	-388.6769	200.0	-12.987301	126.6425	3.5927925	-257.87183	1200000	1.2107193e-09	85.79291	-0.00071765296	-4.007661	0.5340611	0.0017071121	0.015449999	79.0	204.2725546360016
61	-181.16212	82.90571	-0.4329838	-392.3685	200.0	-14.654123	118.24054	4.584764	-252.05472	1220000	-1.8626452e-10	114.51072	-0.001199086	-7.007806	0.5161828	0.0020452007	0.013750002	79.0	207.63188290596008
62	-178.21371	109.681114	-0.419034	-388.5759	200.0	-15.562708	164.75726	3.5079787	-260.11658	1240000	-2.2351743e-09	109.87832	-0.00062391453	-1.7725681	0.503441	0.0022483054	0.0213	79.0	210.98596119880676
63	-172.23293	101.48175	-0.5012367	-450.2039	200.0	-14.860283	168.88373	3.9310715	-261.91754	1260000	1.6763806e-09	91.94256	-0.0007436553	-4.6582575	0.5038725	0.0019332335	0.014900001	79.0	214.30926394462585
64	-163.29297	100.45794	-0.7011408	-459.05945	200.0	-12.611771	156.04457	5.0731072	-255.59367	1280000	7.4505807e-10	95.09253	-0.0011578973	-6.571509	0.4870573	0.0036400754	0.045450002	79.0	217.65197014808655
65	-161.87585	55.99913	-0.4529755	-400.0798	200.0	-13.465554	108.49733	3.8463783	-264.1874	1300000	7.4505807e-10	87.80613	-0.0012217115	-3.7976449	0.4659825	0.004489745	0.02885	79.0	220.98000073432922
66	-168.07887	86.7728	-0.7060234	-368.07718	200.0	-13.69567	155.02837	4.2755566	-255.41196	1320000	-1.1175871e-09	87.058426	-0.000852553	-4.1879506	0.4602747	0.0016376127	0.01295	79.0	224.4220414161682
67	-149.19339	59.825542	-0.5227545	-376.72467	200.0	-11.896453	91.581055	4.251465	-252.3218	1340000	1.8626452e-10	71.47081	-0.0012096767	-5.0653896	0.45974296	0.0023434155	0.0118	79.0	227.7361443042755
68	-154.30782	74.79438	-0.4985259	-360.3481	200.0	-11.834917	121.264145	5.227562	-241.4494	1360000	-1.1175871e-09	75.87633	-0.00089688075	-2.1029124	0.45684823	0.0031044066	0.015000001	79.0	231.1273376941681
69	-162.6207	108.26814	-0.58543307	-394.24332	200.0	-12.828037	161.96579	3.751432	-250.79736	1380000	-3.7252904e-10	69.7357	-0.0008815025	-0.9175457	0.45602217	0.00393416	0.04375	79.0	235.4402620792389
70	-186.15895	94.497734	-0.6071359	-443.27048	200.0	-15.535878	153.30579	4.372109	-251.99774	1400000	2.4214386e-09	93.445335	-0.0013830271	-1.720987	0.45054826	0.0024173504	0.014599999	79.0	239.02225351333618
71	-153.82799	88.41923	-0.6298724	-378.8523	200.0	-12.265006	134.48715	4.6504097	-251.02524	1420000	-3.7252904e-10	64.88931	-0.0004774845	-1.571543	0.45027977	0.0035700728	0.0231	79.0	242.35228085517883
72	-156.31737	68.86749	-0.65620244	-370.67218	200.0	-12.314896	98.49553	4.045918	-244.91803	1440000	7.4505807e-10	82.447044	-0.0006263774	-2.8553326	0.44298974	0.00091545546	0.01155	79.0	245.88746094703674
73	-162.81587	72.430664	-0.67776644	-379.34943	200.0	-13.146763	120.146324	3.2621188	-246.68222	1460000	9.313226e-10	89.89254	-0.0007354367	-4.033006	0.45761007	0.0010711043	0.0088	79.0	250.0576479434967
74	-164.91245	50.171722	-0.59758306	-389.27457	200.0	-13.33804	76.11507	3.4144442	-256.8375	1480000	2.3283064e-09	59.010517	-0.00084808224	-1.8945163	0.45886818	0.00508291	0.040200002	79.0	253.55230975151062
75	-152.65358	86.77274	-0.58436084	-413.21365	200.0	-11.247039	133.42336	4.21103	-252.74779	1500000	1.2107193e-09	56.772224	-0.00073733204	-2.1008534	0.47098836	0.003981999	0.0229	79.0	256.87612533569336
76	-152.22672	80.14231	-0.5912861	-398.58344	200.0	-11.656159	117.119606	3.2658179	-255.68823	1520000	-1.6763806e-09	73.98146	-0.001190911	-2.4103408	0.45161304	0.0038219853	0.016150001	79.0	260.63813877105713
77	-142.81877	91.23151	-0.48450276	-367.90137	200.0	-11.015186	134.67072	3.7757275	-249.9016	1540000	-1.3038516e-09	68.09224	-0.000910377	-1.5882442	0.45392132	0.0022572412	0.014400001	79.0	265.10791397094727
78	-154.67976	73.09244	-0.58260983	-373.4446	200.0	-11.610395	122.05984	3.7682612	-246.54518	1560000	-2.7008356e-09	63.856224	-0.0007036906	-1.7349119	0.44449797	0.0046985843	0.0374	79.0	268.5913071632385
79	-163.2465	61.46128	-0.549552	-392.0952	200.0	-13.014573	110.50588	3.26971	-249.6281	1580000	2.2351743e-09	65.252396	-0.0007782206	-3.2811463	0.4388074	0.0016896611	0.014750001	79.0	272.30215716362
80	-147.98024	80.240265	-0.47924605	-416.0204	200.0	-11.383138	124.31696	3.736808	-244.41579	1600000	1.8626452e-10	77.64962	-0.00054443185	-2.866773	0.42075682	0.0018583328	0.0112	79.0	275.50956892967224
81	-146.64577	69.707596	-0.64238477	-370.03357	200.0	-11.610158	102.558586	3.7524896	-250.19894	1620000	-1.4901161e-09	65.11961	-0.00074423756	-6.26676	0.42798653	0.0053320667	0.034250002	79.0	278.8950617313385
82	-155.01167	106.19666	-0.63619053	-384.09454	200.0	-11.359781	151.45236	4.206545	-243.21286	1640000	1.9557773e-09	65.294525	-0.0009396827	-2.2319853	0.43456936	0.0033282128	0.0175	79.0	282.47615146636963
83	-155.10219	72.21777	-0.68053305	-385.02603	200.0	-12.149234	105.92404	3.283719	-241.29765	1660000	2.2351743e-09	72.78413	-0.00075365376	-1.2208862	0.44114035	0.002723753	0.024	79.0	285.87079977989197
84	-154.93073	89.06339	-0.8435647	-377.0663	200.0	-12.081089	112.83847	3.1706946	-249.40724	1680000	7.4505807e-10	61.808575	-0.0006039838	-2.0421815	0.40450534	0.0031967703	0.02195	79.0	289.21736574172974
85	-144.94122	73.22718	-0.6531675	-375.93884	200.0	-10.797881	108.27208	2.6433196	-244.38591	1700000	-1.4901161e-09	49.314293	-0.0005882288	-2.0348382	0.38741165	0.004943966	0.039899997	79.0	292.30584692955017
86	-145.46657	95.21903	-0.63018215	-479.10956	200.0	-10.824748	150.98096	2.731556	-240.59018	1720000	3.259629e-10	83.397804	-0.0005640224	-5.72227	0.3912682	0.009386132	0.06995	79.0	295.5603606700897
87	-160.87723	106.75962	-0.6005886	-433.76025	200.0	-13.085697	155.43909	3.0302768	-250.35669	1740000	1.1175871e-09	64.26147	-0.0010166068	-4.7000084	0.3589087	0.0028922292	0.028450001	79.0	298.7273199558258
88	-154.70732	87.336494	-0.62005454	-364.1422	200.0	-11.675605	134.25641	2.7908375	-243.6777	1760000	0.0	71.80741	-0.0016092795	-3.1329894	0.31399003	0.0023642723	0.01435	79.0	302.08573961257935
89	-156.05219	54.6722	-0.6450927	-384.2231	200.0	-11.889759	93.37054	2.615549	-241.8973	1780000	7.4505807e-10	62.810955	-0.0006148641	-2.2752953	0.33442736	0.0046516866	0.02755	79.0	305.31589555740356
90	-165.6373	91.389595	-0.7235585	-378.2928	200.0	-12.992544	117.6457	1.9917336	-243.35663	1800000	-3.7252904e-10	88.8251	-0.0005857178	-4.0162244	0.3175692	0.0014417714	0.01505	79.0	308.89626598358154
91	-150.64848	89.04701	-0.6000165	-395.77188	200.0	-11.927669	133.00243	2.2016132	-249.95576	1820000	1.5832484e-09	48.1119	-0.00096477167	-3.5104318	0.33295292	0.0041171545	0.033600003	79.0	312.22255206108093
92	-161.42592	115.2699	-0.66421103	-361.4244	200.0	-12.662682	164.40016	2.0690563	-246.61331	1840000	-3.7252904e-10	59.649708	-0.0009818858	-2.6343699	0.30402666	0.0043825684	0.031249996	79.0	315.36061787605286
93	-146.7505	35.840996	-0.56701255	-363.7771	200.0	-10.794876	61.69012	1.5959275	-244.93501	1860000	-1.8626451e-09	50.256233	-0.001027511	-1.7521648	0.27156138	0.0077216746	0.073599994	79.0	318.3793730735779
94	-161.41937	123.88817	-0.7113523	-403.50146	200.0	-12.786083	200.96913	1.5129671	-244.73308	1880000	-7.4505807e-10	65.96888	-0.00090540014	-6.3756933	0.2621432	0.0075807525	0.07000001	79.0	321.57583498954773
95	-139.64923	37.32032	-0.69821763	-276.22293	200.0	-9.933228	53.251205	1.0287783	-237.6897	1900000	-3.7252904e-10	42.44096	-0.0010240705	-3.3929543	0.27656007	0.003353528	0.0331	79.0	324.50005197525024
96	-143.83669	124.833916	-0.6835806	-402.0561	200.0	-10.971488	170.88231	0.79590744	-236.81894	1920000	-1.1175871e-09	65.36565	-0.00057592156	-4.2016497	0.30795804	0.002604346	0.010249999	79.0	327.59005975723267
97	-150.76523	85.98752	-0.71747345	-369.93216	200.0	-11.792092	111.10823	0.94428664	-235.5893	1940000	1.4901161e-09	59.616344	-0.0005459568	-2.4463494	0.30865842	0.00422547	0.0394	79.0	331.27099418640137
98	-149.92166	107.38091	-0.7932981	-380.41266	200.0	-11.505798	156.68307	2.053437	-241.72215	1960000	-2.6077032e-09	66.89719	-0.00089802535	-4.2601967	0.2849527	0.0043022796	0.041200005	79.0	334.7585611343384
99	-168.42863	121.52206	-0.9126041	-400.06186	200.0	-13.25081	193.60475	0.49082494	-243.38857	1980000	-1.8626451e-09	50.507484	-0.0006293642	-2.6228645	0.25215524	0.0027447126	0.017450001	79.0	338.1176197528839
100	-146.33087	83.55644	-0.8785953	-398.89877	200.0	-11.014146	131.1709	2.3915744	-240.02002	2000000	2.2351743e-09	49.054222	-0.0010665149	-2.0115166	0.23484778	0.0053828117	0.06265	79.0	341.3386218547821
