Epoch	AverageEpRet	StdEpRet	MaxEpRet	MinEpRet	EpLen	AverageVVals	StdVVals	MaxVVals	MinVVals	TotalEnvInteracts	LossPi	LossV	DeltaLossPi	DeltaLossV	Entropy	KL	ClipFrac	StopIter	Time
1	-219.29358	112.73182	-14.004282	-553.3847	111.11905	-0.0070049544	0.059229545	0.11875449	-0.1098052	10000	1.4901161e-09	15237.721	-0.0012236811	-2322.2375	0.918938	0.0064031826	0.0692	79.0	2.477325916290283
2	-167.20238	125.46934	19.144886	-447.65228	106.853935	-11.337017	17.098574	-4.1062036	-39.722595	20000	-5.2154063e-09	9376.248	-0.0019154232	-5802.3096	0.91035736	0.007812947	0.06390001	79.0	4.893568277359009
3	-132.21422	60.58282	-11.229188	-466.3873	125.095894	-74.67611	133.04988	-16.152306	-284.19598	30000	4.842877e-09	2363.8262	-0.002923606	-358.59897	0.9081041	0.007454288	0.094900005	79.0	7.3740456104278564
4	-103.97411	87.59533	29.328371	-422.4691	127.22535	-61.76628	59.9814	-12.135147	-205.09833	40000	-3.7252904e-10	2158.22	-0.0015956344	-296.062	0.90219945	0.008418212	0.065500006	79.0	9.96981143951416
5	-85.21806	69.24022	2.1565278	-439.204	145.7931	-48.62461	80.94962	-14.858844	-168.09055	50000	1.4901161e-09	1992.5898	-0.002631934	-311.75995	0.900689	0.008201909	0.091299996	79.0	13.64022183418274
6	-67.01334	38.809994	18.602207	-226.35225	146.91667	-37.34879	36.779995	-10.538428	-111.50422	60000	-1.1175871e-09	1169.1321	-0.0034158155	-175.3344	0.88835734	0.010676111	0.0802	79.0	16.604731559753418
7	-48.339516	38.131477	50.872604	-316.86862	163.92982	-32.259644	46.26534	-10.383985	-112.433655	70000	-1.4901161e-09	1397.2039	-0.003335211	-257.39133	0.8781694	0.008918069	0.0839	79.0	19.515511512756348
8	-46.540077	107.249054	62.16863	-606.6074	196.575	-32.18107	196.93341	-5.7057085	-161.8393	80000	-2.4214386e-09	2663.471	-0.0020719985	-454.00253	0.8729736	0.008076996	0.0687	79.0	23.549266576766968
9	-41.267166	63.368423	27.04286	-242.21352	240.2069	-23.646921	134.55356	-3.0361211	-151.84021	90000	-7.4505807e-10	1392.6937	-0.002073872	-165.08148	0.8703743	0.0077779605	0.0656	79.0	27.863930702209473
10	-55.889374	67.50452	25.707403	-199.01714	528.8333	-27.217276	169.1166	-1.9097167	-142.22841	100000	-2.2351743e-09	1201.3862	-0.0021028884	-331.5018	0.86377317	0.0074934796	0.0821	79.0	33.20855188369751
11	-33.600662	66.00681	44.847725	-193.45041	678.0	-13.489522	135.08694	-0.56666017	-65.84412	110000	3.7252904e-10	694.7148	-0.0023344948	-56.820213	0.8560276	0.0051440336	0.071600005	79.0	39.45616793632507
12	-9.3314085	44.595257	59.06401	-89.31361	855.3	-13.345792	95.91674	0.46381652	-74.51428	120000	2.4214386e-09	470.11713	-0.0021100482	-50.727642	0.84761506	0.006591347	0.086	79.0	45.61130094528198
13	-63.43565	127.0909	92.13723	-274.12384	946.6	-10.956887	141.79149	3.9559324	-112.937775	130000	-1.1175871e-09	847.0267	-0.001613475	-104.30678	0.83018893	0.00825608	0.085300006	79.0	51.82686114311218
14	25.35712	21.826769	77.52356	-4.2046814	1000.0	-7.2757173	178.02937	11.391931	-74.744804	140000	-1.3038516e-09	213.86397	-0.0012934409	-71.51482	0.83452815	0.007157135	0.07129999	79.0	57.82189202308655
15	18.036505	22.914968	52.485065	-23.547424	1000.0	0.3356901	39.345215	19.469498	-35.495773	150000	-1.5832484e-09	106.65906	-0.0023721654	-17.962719	0.82709295	0.005542174	0.0748	79.0	64.30540370941162
16	25.095066	33.20242	65.84351	-32.757973	1000.0	0.14703056	95.92689	16.611746	-29.348595	160000	-2.2351743e-09	140.72478	-0.0013941114	-17.838503	0.8102253	0.006537348	0.07259999	79.0	70.9835901260376
17	15.134956	31.227789	58.35696	-61.87756	1000.0	-1.4669936	71.061325	14.512563	-34.673336	170000	1.1175871e-09	107.16079	-0.0016223602	-15.625273	0.7988967	0.0049371207	0.056599997	79.0	77.29927563667297
18	29.090515	26.295015	81.87298	-27.417772	1000.0	-1.7247574	58.395103	15.458392	-22.87245	180000	-2.7939677e-09	123.96112	-0.0018204262	-15.20561	0.78573084	0.0067480565	0.0717	79.0	83.7714684009552
19	23.74065	39.557083	82.11853	-34.438892	1000.0	-0.8374345	44.185734	17.805693	-15.102763	190000	0.0	130.62375	-0.0012597824	-19.403873	0.76674116	0.0028526853	0.0453	79.0	90.06454086303711
20	2.9413197	40.667885	75.37272	-73.846954	958.5	-0.13710098	108.457436	14.947615	-13.430153	200000	1.8626452e-10	143.91568	-0.000982133	-25.702114	0.75125563	0.0033922084	0.045900002	79.0	96.25549459457397
21	-4.9866257	48.326096	81.11352	-95.47251	1000.0	-2.1841834	15.591301	15.952111	-19.092064	210000	1.8626451e-09	164.47148	-0.0021559242	-20.851032	0.74197876	0.005630248	0.052699994	79.0	102.55570244789124
22	-13.232264	64.334946	64.11771	-146.38086	960.4	-2.36229	33.83513	14.603112	-17.254082	220000	7.4505807e-10	285.80756	-0.0018757817	-74.63663	0.72255564	0.0048552314	0.0486	79.0	108.68357801437378
23	19.813114	30.756357	75.3203	-35.09658	1000.0	-2.2032185	135.94879	34.378937	-49.922237	230000	-1.4901161e-09	111.47417	-0.0030371342	-39.716026	0.7253602	0.0033740054	0.0429	79.0	115.6328809261322
24	-50.710186	116.16464	59.210587	-277.54422	991.0	-3.4323976	54.913895	25.245922	-21.174335	240000	7.4505807e-10	548.7582	-0.0010896713	-232.80037	0.7101628	0.0048848377	0.034599997	79.0	121.60043668746948
25	1.3407867	45.21434	91.31005	-74.992546	1000.0	-1.4425281	278.75818	62.752876	-106.66508	250000	7.4505807e-10	162.30196	-0.0011113097	-63.34452	0.71157205	0.005162605	0.040799998	79.0	127.98031687736511
26	5.723763	38.165295	74.31828	-37.65454	1000.0	-2.1381335	83.8675	46.314407	-30.181524	260000	-1.0244549e-09	80.14854	-0.0017368495	-20.830008	0.7009586	0.0038840822	0.041500002	79.0	134.05697584152222
27	4.322274	31.034916	52.01108	-60.966057	1000.0	-1.9730957	111.58785	41.408257	-47.2732	270000	3.7252904e-10	121.49355	-0.0043449667	-48.94288	0.6872457	0.0047812397	0.0706	79.0	140.02985668182373
28	27.641521	27.998802	80.44011	-22.772005	1000.0	-2.2041397	72.86308	55.41668	-14.752958	280000	1.1175871e-09	91.830444	-0.002465219	-24.914196	0.67272645	0.0040053306	0.053400002	79.0	146.40364909172058
29	-7.8313203	109.613716	57.598373	-328.46576	984.0	0.8296451	88.45439	46.851925	-19.574512	290000	-1.1175871e-09	595.98334	-0.0010429455	-173.48416	0.6440517	0.004021122	0.034900002	79.0	152.54425430297852
30	-19.558264	125.48198	90.51171	-348.93347	990.6	-3.5867653	127.63804	43.666874	-153.2771	300000	-1.0244549e-09	583.9103	-0.0009926154	-231.88179	0.6385071	0.005821006	0.0423	79.0	159.23904085159302
31	26.648632	100.29256	136.36958	-212.03238	980.6	-6.751442	220.36612	50.75059	-119.44721	310000	-7.4505807e-10	449.91376	-0.00095386786	-135.41817	0.644032	0.0038337044	0.0445	79.0	165.40023970603943
32	62.007347	32.35699	140.79027	33.388836	989.7	1.9867809	72.47574	40.870422	-35.670547	320000	-7.4505807e-10	157.36642	-0.0013960626	-66.23658	0.6332366	0.0054385895	0.041100003	79.0	171.70262670516968
33	64.669655	24.64892	128.31099	31.957712	995.9	3.4672093	68.36665	38.500072	-19.250172	330000	1.8626451e-09	93.16992	-0.0012068107	-21.288227	0.63095033	0.0058517633	0.050399996	79.0	177.9369194507599
34	74.72124	42.58311	195.65657	36.95594	981.1	4.6038647	38.733765	39.753334	-9.468365	340000	1.8626451e-09	63.05351	-0.0006678157	-3.7431283	0.6314038	0.0044211475	0.062100004	79.0	184.16781187057495
35	37.508957	76.52872	95.82092	-179.21242	978.1	4.5264716	80.96503	51.056778	-82.02217	350000	-1.0244549e-09	145.53621	-0.0014603287	-33.756145	0.6155183	0.004015226	0.046600003	79.0	190.63376307487488
36	50.05078	102.71363	153.41077	-235.84773	984.8	4.361442	130.17192	54.479343	-38.75958	360000	-7.4505807e-10	632.593	-0.0008407986	-327.06543	0.6103507	0.008093369	0.059300005	79.0	197.43191576004028
37	122.968216	36.251793	183.23616	61.91121	921.4	6.258276	74.8215	68.036156	-25.360283	370000	2.2351743e-09	326.8641	-0.0021873754	-113.22453	0.60060996	0.004026202	0.0704	79.0	203.532972574234
38	105.61308	64.62373	225.14815	-18.941597	983.2	10.086151	55.92407	72.2179	-19.540312	380000	-7.4505807e-10	201.84952	-0.0012536442	-35.183887	0.56773585	0.008397901	0.0846	79.0	209.7946367263794
39	97.2837	35.180748	183.51701	39.98092	961.2	7.725729	86.698654	62.92161	-23.545652	390000	0.0	86.623795	-0.001295239	-37.54148	0.53295356	0.0038638352	0.0555	79.0	215.9555468559265
40	122.54533	77.043106	227.84686	13.855006	922.1	10.073681	73.04057	64.10399	-19.664762	400000	-2.9802323e-09	390.25766	-0.0010597727	-80.68816	0.5069603	0.006364508	0.056599997	79.0	221.3212766647339
41	123.93695	64.25153	194.82677	-39.54158	832.6	10.122444	78.68895	52.670887	-7.047553	410000	1.8626452e-10	266.8666	-0.000987032	-38.946804	0.4841737	0.004828848	0.0509	79.0	226.5566213130951
42	134.2316	80.01198	210.31909	-79.28721	773.7	12.32568	96.16833	62.186737	-9.783394	420000	-7.4505807e-10	327.2708	-0.00094594853	-49.406578	0.46711105	0.0025998666	0.0409	79.0	231.9153711795807
43	110.35935	112.506165	237.34496	-159.0255	828.0	15.114794	94.36852	63.889244	-17.46069	430000	-7.4505807e-10	708.10895	-0.0012532368	-185.2712	0.44267774	0.0037572612	0.0533	79.0	236.52569842338562
44	97.50321	104.23467	213.26141	-136.82846	891.3	12.355742	79.1621	67.428444	-20.375246	440000	-1.1175871e-09	452.26865	-0.0010897502	-204.27116	0.43008214	0.006521181	0.054300003	79.0	241.77513575553894
45	167.63239	77.32792	272.04	-40.997025	668.5	14.530263	219.95415	68.551056	-40.29473	450000	8.381903e-10	400.50467	-0.0014049904	-189.93124	0.41373911	0.0055550723	0.0541	79.0	246.44956517219543
46	119.38589	176.0144	251.03752	-352.53632	659.3	19.098066	250.21964	87.12672	-42.779335	460000	-3.7252904e-10	856.22656	-0.000995314	-453.51578	0.3816256	0.0058717215	0.054700006	79.0	250.72850561141968
47	215.72037	27.647833	258.20633	178.72093	707.6	19.300617	241.71652	85.490524	-52.655594	470000	1.4901161e-09	308.1629	-0.0014541504	-86.539	0.37584716	0.0067382357	0.0797	79.0	255.320903301239
48	188.99411	48.818867	246.18855	59.649784	661.1	19.950043	115.95363	74.33936	-29.240417	480000	1.1175871e-09	260.6315	-0.0007652997	-119.54927	0.33297858	0.004733757	0.0427	79.0	259.7121605873108
49	194.1057	45.55826	238.02515	105.93717	644.4	21.339663	197.40465	77.80017	-81.92511	490000	0.0	285.74503	-0.003401187	-60.95238	0.32049382	0.007705942	0.0781	79.0	264.3577597141266
50	202.63232	17.806515	235.11115	179.49677	609.9	20.285162	145.58728	82.45121	-5.8696966	500000	1.1175871e-09	137.78271	-0.0019631605	-49.107002	0.28380382	0.0048530623	0.0541	79.0	268.75149154663086
51	121.4329	144.06274	255.48465	-237.3643	693.3	28.23737	344.89578	86.483665	-50.809067	510000	0.0	1073.3608	-0.0009455521	-576.7521	0.25057966	0.0045827385	0.0541	79.0	273.5417950153351
52	171.32906	65.3065	237.93657	6.2044225	739.9	10.78909	213.73524	65.08279	-62.36298	520000	-2.2351743e-09	384.6745	-0.0023041253	-155.01631	0.2395627	0.007817637	0.050800003	79.0	278.1078038215637
53	144.77902	83.780525	238.68661	-24.679756	762.5	15.126067	208.768	65.34652	-77.39651	530000	2.2351743e-09	481.18222	-0.0017083734	-213.30327	0.22763248	0.004180045	0.065	79.0	284.4013452529907
54	209.741	29.033728	252.7095	169.38515	550.9231	19.935717	279.87473	84.72779	-22.512764	540000	7.823109e-09	246.3342	-0.0022584558	-121.64097	0.20925283	0.004823674	0.05	79.0	288.6882667541504
55	157.41678	100.1609	230.91048	-55.43483	606.4	24.610163	309.17746	84.8842	-6.257806	550000	-3.1664968e-09	303.38947	-0.0011943309	-60.758656	0.19780701	0.0035302464	0.053199995	79.0	293.03330063819885
56	204.16635	45.689217	253.69249	83.7458	525.46155	25.170868	204.7867	99.12186	-14.355337	560000	1.4901161e-09	287.78635	-0.0008359145	-56.454018	0.19552258	0.005147881	0.0527	79.0	297.4728670120239
57	145.1002	134.01208	262.5353	-183.73346	610.4545	29.08005	340.20267	120.12324	-39.401836	570000	-7.4505807e-10	809.9718	-0.0010676257	-394.6744	0.19084223	0.004979714	0.0352	79.0	301.6478657722473
58	180.50719	82.16987	241.63689	-41.699158	574.5833	20.933681	399.32465	92.23235	-50.40276	580000	-2.6077032e-09	519.0194	-0.0008821556	-288.47217	0.19718692	0.004995545	0.043899998	79.0	306.6617772579193
59	213.65619	28.567205	266.2248	165.67615	607.36365	24.920963	213.85681	71.918365	-11.087352	590000	-1.4901161e-09	184.2434	-0.0017474083	-35.028297	0.18941519	0.008033107	0.07000001	79.0	310.83001947402954
60	213.46547	31.70351	273.17178	145.27785	546.75	30.601025	240.61104	94.25658	-6.627424	600000	-1.8626452e-10	352.3248	-0.0014785723	-140.75374	0.17779937	0.0037489608	0.0463	79.0	315.05892157554626
61	225.1952	35.557957	277.27686	157.7474	505.6154	29.801702	252.98915	81.69653	-25.54762	610000	5.5879357e-10	221.15791	-0.0020322464	-55.87713	0.19378895	0.0056896405	0.062300004	79.0	319.0488872528076
62	183.12096	106.47193	276.4963	-161.37102	533.53845	27.109156	383.54318	86.95341	-21.632555	620000	0.0	545.5757	-0.0010996107	-180.70883	0.18081158	0.007084068	0.059299998	79.0	322.9347155094147
63	219.47896	58.753223	278.33487	-26.8501	446.4	27.583597	244.72577	76.4134	-20.921497	630000	3.7252904e-10	430.46567	-0.0020146507	-80.024536	0.18495409	0.0057084393	0.0622	79.0	326.8498766422272
64	234.37184	32.99154	286.46207	162.48633	425.2353	32.47858	331.5336	89.21036	-19.85787	640000	7.4505807e-10	152.382	-0.0020849602	-47.124542	0.17888218	0.008362375	0.076699995	79.0	330.7694194316864
65	230.42041	39.15022	287.90616	183.65735	455.86667	35.832108	434.25586	97.23585	-17.880682	650000	2.9802323e-09	235.9003	-0.0018925114	-75.78533	0.16364285	0.0072083594	0.072399996	79.0	334.6963675022125
66	208.52808	55.883327	274.3799	-35.86462	437.4375	35.007526	370.63293	101.17063	-18.5104	660000	0.0	502.5804	-0.0010368172	-155.84293	0.15354145	0.0074028433	0.0638	79.0	338.71776366233826
67	237.95403	24.42476	274.63965	182.2352	403.73685	41.986458	272.99442	88.39739	-13.311074	670000	-1.8626452e-10	145.2235	-0.0016351051	-65.73623	0.15143847	0.0034024667	0.0684	79.0	342.45598101615906
68	232.66438	28.581743	280.64536	179.3859	416.35294	39.57091	261.47617	106.11524	-9.888746	680000	0.0	262.68985	-0.0012129862	-73.79326	0.13615327	0.006363748	0.0504	79.0	346.3532314300537
69	232.62779	29.37957	281.2153	192.43642	401.85715	29.952106	272.79538	93.82776	-17.55313	690000	-1.8626451e-09	118.91988	-0.0014679637	-21.48135	0.135014	0.004105164	0.059899997	79.0	350.60522055625916
70	199.51521	76.960915	267.46704	-26.93219	572.6429	32.40586	422.4509	114.629456	-15.649877	700000	2.2351743e-09	541.17786	-0.0007105717	-212.9633	0.12833852	0.0044276346	0.0409	79.0	355.1643364429474
71	219.5095	27.62991	275.13824	138.50165	421.13333	33.42055	313.40683	80.68545	-15.569799	710000	-3.7252904e-10	428.2163	-0.0018039562	-93.86182	0.12473913	0.0066949516	0.0663	79.0	359.23450350761414
72	227.04875	46.57392	302.3574	127.09342	429.72223	34.5907	311.32993	91.929924	-14.160729	720000	1.8626451e-09	438.46973	-0.0018354334	-86.706276	0.12058387	0.008629168	0.0788	79.0	363.0652618408203
73	227.86526	22.900627	268.94995	173.73578	437.86667	38.449474	253.36632	89.296745	-20.877491	730000	-3.7252904e-10	275.88934	-0.0016089823	-44.20881	0.101091124	0.008189444	0.09300001	79.0	367.8438754081726
74	206.0839	106.806755	289.96228	-153.8052	403.15	41.819828	342.27426	99.39883	-45.118008	740000	0.0	703.3892	-0.001552277	-284.00415	0.086165346	0.006895481	0.0657	79.0	371.3919041156769
75	206.2446	66.44536	271.79626	22.421324	443.5625	38.110638	388.8095	105.77328	-73.81984	750000	1.4901161e-09	680.3181	-0.0017180555	-233.34468	0.0878167	0.0072710714	0.0793	79.0	375.5064504146576
76	238.01634	34.70529	281.12653	129.79929	397.10526	39.628223	125.26206	82.46136	-17.9956	760000	-2.9802323e-09	435.746	-0.0010949781	-121.974144	0.07513292	0.0066711023	0.0652	79.0	379.1712427139282
77	234.32571	29.13397	289.0014	149.1291	386.90475	43.599358	258.26297	88.10844	-36.397327	770000	1.8626451e-09	341.7989	-0.0015905479	-112.20111	0.07373628	0.0041700066	0.0558	79.0	383.57943964004517
78	194.35632	103.77276	270.1293	-89.970245	486.42856	41.40084	311.86154	107.24384	-13.2514305	780000	7.4505807e-10	903.6785	-0.00086603255	-434.3134	0.06916578	0.004379579	0.0532	79.0	388.08606123924255
79	217.85571	99.227585	278.31662	-192.52335	372.4	35.477127	322.4519	104.805145	-105.522285	790000	-3.7252904e-10	611.04675	-0.0014305	-248.548	0.0655359	0.0076956227	0.07619999	79.0	391.4866588115692
80	214.64587	59.882504	270.9176	-4.6790986	399.1	46.063137	455.05438	92.67199	-45.57721	800000	-7.4505807e-10	650.5264	-0.0014831597	-356.25195	0.052018214	0.0052674734	0.080400005	79.0	395.2675883769989
81	200.60448	113.35967	289.70038	-241.85223	401.4	42.1794	335.19733	105.79421	-135.94792	810000	-9.313226e-10	1084.3557	-0.0013784952	-307.95294	0.04604625	0.0021553305	0.0656	79.0	398.686546087265
82	228.48448	78.15728	281.4566	-137.68648	360.0	49.262653	259.4771	102.68817	-41.1822	820000	-9.313226e-11	951.6439	-0.0011700557	-619.53015	0.042766202	0.008066137	0.0632	79.0	402.44165539741516
83	243.56259	28.246683	290.22128	178.6083	372.0	47.43412	425.18887	106.034225	-43.3436	830000	2.2351743e-09	367.6146	-0.0023877793	-108.5428	0.048820995	0.0071424907	0.091299996	79.0	406.3578591346741
84	243.47058	22.383968	282.9681	175.83229	389.6316	48.144356	308.6118	93.9424	-22.84211	840000	-2.6077032e-09	379.80646	-0.0026941735	-74.96075	0.023835592	0.007178946	0.08409999	79.0	410.1869685649872
85	228.74951	46.883846	284.35165	40.846333	353.5	44.120426	427.27222	100.63254	-13.133085	850000	7.4505807e-10	638.162	-0.001337602	-162.22884	0.011105889	0.008358195	0.0964	79.0	414.22935009002686
86	233.21846	39.34573	285.31973	120.743416	377.88235	40.495728	215.39725	130.34877	-20.063353	860000	0.0	516.8498	-0.0020128626	-119.077896	-0.012759842	0.0072329887	0.0709	79.0	417.8526222705841
87	213.14102	83.87224	277.2314	-144.89467	377.3913	38.086327	393.19556	89.92789	-16.796309	870000	2.9802323e-09	869.0322	-0.0014442648	-250.73404	-0.02006182	0.013744089	0.0929	79.0	421.3628942966461
88	216.66109	95.106346	294.95782	-67.49443	382.8	51.870705	413.1413	145.74411	-46.742603	880000	1.8626452e-10	1007.5871	-0.0011572179	-441.74463	-0.02300344	0.0048727975	0.053000003	79.0	426.9808449745178
89	226.4492	67.40509	280.03436	41.26817	370.5	41.60872	499.07513	92.87113	-55.97295	890000	-1.4901161e-09	696.8546	-0.0028756887	-226.47623	-0.023111641	0.008070106	0.074300006	79.0	430.67001581192017
90	202.48122	73.00468	287.10364	-15.381247	340.9565	38.39659	458.6426	97.09365	-23.500021	900000	1.8626452e-10	692.5409	-0.0019768528	-120.87598	-0.03635378	0.005749549	0.0669	79.0	434.39733934402466
91	239.36086	38.98813	295.88565	130.58092	343.0909	51.138626	374.0442	99.523766	-16.53706	910000	6.519258e-10	503.9608	-0.0015458646	-142.31787	-0.05534432	0.004145634	0.0583	79.0	437.98771595954895
92	228.59186	80.236664	282.40747	-100.60051	347.43478	48.568512	368.13266	102.20185	-24.954306	920000	2.2351743e-09	545.49414	-0.0015090832	-150.0079	-0.06720297	0.005659648	0.0955	79.0	441.36415791511536
93	225.86633	53.16703	286.99692	47.11614	286.625	48.508915	600.0453	106.01398	-31.974049	930000	1.8626451e-09	662.9902	-0.0017390574	-239.36983	-0.08211887	0.005030766	0.0692	79.0	444.9901945590973
94	219.9597	94.50254	290.51428	-118.58068	310.30768	49.953014	416.5008	114.94736	-28.21027	940000	5.5879357e-10	647.1363	-0.0017816375	-155.86298	-0.090677366	0.0037249043	0.054799996	79.0	448.60789680480957
95	215.01935	79.54514	292.68265	-31.507301	299.30768	46.34036	424.96414	109.68005	-40.306538	950000	-1.9557773e-09	839.32605	-0.0019461748	-215.1357	-0.096747994	0.0056833318	0.0856	79.0	451.9147946834564
96	236.4966	41.61518	286.12692	25.273521	324.88	47.241917	423.61392	120.08851	-43.69168	960000	-3.7252904e-10	553.3206	-0.0024152682	-240.22427	-0.09858175	0.008664453	0.097100005	79.0	457.4537298679352
97	217.57259	95.812004	284.30704	-166.00034	300.0	60.110107	414.12534	141.7363	-34.877586	970000	-2.6077032e-09	1031.7362	-0.0022477242	-373.39832	-0.100891545	0.0075227893	0.10250001	79.0	461.0830771923065
98	238.55865	56.24323	279.48843	-10.054841	289.45834	53.435925	394.131	113.87466	-74.475174	980000	-1.4901161e-09	896.0334	-0.001943548	-378.502	-0.112257615	0.0057387594	0.079500005	79.0	464.5897228717804
99	240.78839	46.67849	293.90546	66.43932	303.53845	48.241673	441.44012	130.408	-73.547585	990000	1.6763806e-09	663.4924	-0.00222704	-223.15262	-0.1180789	0.009243066	0.08580001	79.0	468.29573702812195
100	221.36365	60.16039	290.11688	-3.782339	307.3913	46.45788	523.0315	124.883224	-33.46695	1000000	-2.2351743e-09	535.046	-0.001830875	-149.59021	-0.14518213	0.0052983174	0.079500005	79.0	472.5558090209961
101	238.86441	58.08111	292.07373	-12.133253	325.12	48.58487	536.82465	130.69293	-51.32529	1010000	7.4505807e-10	622.1417	-0.0020115383	-222.88042	-0.14603269	0.00930567	0.079	79.0	476.0455014705658
102	217.1997	121.64622	294.434	-290.95157	293.72	49.981243	570.6583	135.12587	-58.827232	1020000	9.313226e-10	1740.8469	-0.0010819996	-1059.3596	-0.14765704	0.0028222497	0.0699	79.0	479.8360815048218
103	227.27809	71.08866	282.2349	-5.4572563	330.16	44.645622	765.97473	121.346115	-175.5525	1030000	7.4505807e-10	1145.867	-0.0038655691	-550.9778	-0.15304044	0.011159027	0.1091	79.0	484.062952041626
104	210.25182	93.92912	288.86185	-110.35992	367.81818	37.087173	476.9602	123.39353	-73.012314	1040000	7.4505807e-10	682.7063	-0.001958068	-154.62024	-0.1535582	0.008285845	0.07619999	79.0	488.18843364715576
105	243.80022	26.847431	289.18988	168.33388	310.17856	48.005505	442.55054	126.3501	-78.806854	1050000	-5.9604646e-09	1085.5095	-0.002779633	-539.4119	-0.16816357	0.0070546106	0.072000004	79.0	491.52306175231934
106	243.39943	93.17762	287.44125	-128.94263	260.53125	67.318184	314.51828	130.02646	-16.87332	1060000	1.8626452e-10	864.8143	-0.0011517699	-182.44695	-0.1687543	0.008496528	0.08800001	79.0	494.8582110404968
107	239.59221	55.421696	282.90735	43.326912	292.7143	48.323284	542.3591	134.72449	-17.506899	1070000	7.4505807e-10	617.94196	-0.0009837516	-220.84573	-0.16533716	0.002636978	0.0531	79.0	498.5651276111603
108	207.00793	101.58255	302.3026	-162.91489	326.82608	39.437317	620.52454	120.561676	-42.239418	1080000	7.4505807e-10	816.1142	-0.001717129	-230.85599	-0.16978543	0.0070502283	0.0886	79.0	502.66296458244324
109	236.17145	56.064175	293.7069	2.824641	255.875	54.5788	588.94666	141.25539	-30.041162	1090000	-3.7252904e-10	789.52795	-0.0035843868	-169.66968	-0.18029124	0.0072640567	0.1063	79.0	506.45524191856384
110	248.36053	56.83395	289.6373	31.408075	270.19354	65.23405	499.64307	158.77368	-34.869358	1100000	3.7252904e-10	1095.2256	-0.0008578267	-532.64484	-0.19460225	0.0054501975	0.0565	79.0	509.8656370639801
111	218.12975	58.240936	298.71017	-101.48524	306.4074	58.182	440.4227	140.76749	-13.193865	1110000	1.8626452e-10	1012.61017	-0.0022441605	-278.52576	-0.1891006	0.0045623714	0.053899996	79.0	514.061635017395
112	232.8021	56.13934	296.9602	-12.102203	295.31033	51.007797	486.1573	132.19221	-25.435778	1120000	-3.7252904e-10	490.12827	-0.0033082657	-135.87825	-0.19251671	0.008415391	0.0944	79.0	517.5606188774109
113	236.23685	73.16687	288.61847	4.093265	234.38235	68.71255	338.8856	143.90927	-23.082092	1130000	-1.8626451e-09	626.80286	-0.0018871583	-99.562744	-0.20442529	0.0068598064	0.0791	79.0	520.6582572460175
114	243.18768	60.36963	289.91873	-106.18686	280.25806	62.13755	326.51428	132.93558	-27.54739	1140000	-7.4505807e-10	866.8942	-0.001890496	-430.2806	-0.21389703	0.0052377656	0.074599996	79.0	523.8693008422852
115	228.51337	70.82264	291.74567	21.428238	300.82758	58.507854	815.87823	163.19336	-60.30822	1150000	-1.8626451e-09	900.26447	-0.0019311339	-353.07	-0.21665534	0.0054247454	0.0779	79.0	527.7309687137604
116	243.76582	48.517296	298.39658	26.526442	282.42856	56.025864	229.33536	141.39267	-23.930696	1160000	-3.7252904e-10	710.47046	-0.0017538596	-130.35583	-0.22234125	0.0064777494	0.076799996	79.0	531.1594476699829
117	233.11758	54.311024	292.07687	32.900738	328.96	53.211525	512.6518	146.46675	-12.327012	1170000	2.6077032e-09	632.8595	-0.0010219661	-294.8215	-0.22742501	0.005995404	0.07360001	79.0	535.7309148311615
118	232.58852	50.495102	301.59283	16.695656	280.32144	54.727737	591.8215	160.00902	-39.875217	1180000	-2.6077032e-09	877.8039	-0.00202717	-259.31073	-0.2292316	0.0091531705	0.0809	79.0	539.0882389545441
119	221.3098	71.43102	298.3485	-20.734632	353.19232	56.334427	510.1879	147.72699	-29.911959	1190000	7.4505807e-10	897.27277	-0.0016366486	-374.4084	-0.22769932	0.003344912	0.0666	79.0	544.0415751934052
120	243.852	62.449024	288.68704	32.156914	256.0345	54.56106	340.30585	139.17706	-55.79101	1200000	9.313226e-10	592.022	-0.001855316	-146.58487	-0.23443732	0.009263134	0.0768	79.0	547.3215684890747
121	222.30829	69.093346	288.88693	-100.0847	272.5926	54.698063	501.79745	147.21681	-49.80346	1210000	-2.9802323e-09	1022.57715	-0.0020038963	-311.534	-0.23085079	0.008130918	0.089999996	79.0	550.6013827323914
122	247.12556	53.597603	289.20538	31.120525	261.58066	60.368145	447.85803	144.79749	-36.443672	1220000	7.4505807e-10	709.9416	-0.0014743176	-213.92273	-0.2511518	0.009246186	0.0789	79.0	553.9024319648743
123	199.79976	112.70914	287.15765	-310.81516	269.90625	61.607	446.4285	166.07811	-15.066228	1230000	-1.6763806e-09	2522.5376	-0.0013287391	-1781.1403	-0.2626397	0.0054118074	0.069199994	79.0	557.7904195785522
124	233.02962	68.07775	297.29868	27.876667	229.22223	59.088688	357.67224	149.25342	-79.51163	1240000	-3.7252904e-10	1133.4089	-0.0028871386	-426.30475	-0.25454408	0.010235851	0.1195	79.0	560.9613020420074
125	227.35114	75.27132	299.07312	-55.78286	271.96875	59.805813	358.54068	153.24054	-184.0713	1250000	-1.4901161e-09	829.94495	-0.0020203567	-194.40958	-0.28347313	0.0059526516	0.0853	79.0	564.8212914466858
126	239.29448	58.921906	294.34625	37.095932	254.21875	68.482506	317.69626	160.83621	-33.238125	1260000	7.4505807e-10	765.4548	-0.0025668505	-213.65324	-0.2902173	0.0042570652	0.08280001	79.0	568.1239721775055
127	257.1416	38.42081	298.23877	57.316315	234.30556	71.017784	387.47104	161.02872	-15.794431	1270000	0.0	557.6666	-0.0012216596	-220.86577	-0.31096467	0.0067897914	0.07270001	79.0	571.4631011486053
128	245.98116	52.90187	305.02432	26.205616	286.36667	61.80461	362.7505	166.75923	-44.121994	1280000	-3.7252904e-10	598.59534	-0.0016648928	-155.75528	-0.32678857	0.009310229	0.1023	79.0	574.7237312793732
129	232.47224	64.64814	287.79486	22.524343	280.32257	64.93078	485.11838	161.12733	-26.047314	1290000	-7.4505807e-10	750.4105	-0.0037112068	-227.21744	-0.34903845	0.0065441057	0.082200006	79.0	578.5855836868286
130	226.47643	80.53563	302.02567	38.869244	238.09375	56.363014	352.6476	165.77731	-33.739525	1300000	-1.3038516e-09	982.15955	-0.0014145015	-301.7797	-0.35374087	0.003039735	0.066800006	79.0	581.8515183925629
131	249.65361	75.00938	295.29007	-120.9116	237.1875	58.275074	449.25394	148.70245	-70.0177	1310000	-3.7252904e-10	1042.8903	-0.0016913206	-409.91025	-0.3558539	0.009627791	0.0822	79.0	585.5186319351196
132	235.32954	43.279896	306.8106	18.627218	239.37143	64.14835	583.0554	169.82666	-15.903843	1320000	-3.7252904e-10	802.5014	-0.0022713956	-184.92813	-0.36669362	0.0063681775	0.08760001	79.0	589.6626555919647
133	242.89865	43.236893	293.2935	40.320858	248.16129	64.044525	386.72726	148.80852	-48.05321	1330000	-2.9802323e-09	658.7835	-0.002612867	-184.0441	-0.3773324	0.0077120154	0.0837	79.0	593.4693908691406
134	257.03647	20.664389	297.72394	149.85458	246.94118	68.18216	353.34436	153.74274	-38.62306	1340000	0.0	400.4502	-0.0046442477	-117.300415	-0.39099374	0.008945094	0.1181	79.0	596.5130891799927
135	228.0934	91.77745	298.10495	-10.9648285	242.93939	65.69654	582.0992	175.55743	-26.949083	1350000	3.1664968e-09	905.51056	-0.0021858162	-150.07372	-0.41035742	0.005508623	0.0727	79.0	600.3854312896729
136	226.12572	59.855366	290.04144	14.411862	229.71428	69.03777	396.36005	156.73961	-23.828041	1360000	-3.7252904e-10	938.8873	-0.0034120523	-156.56876	-0.4157985	0.0077252067	0.0931	79.0	603.7280101776123
137	245.1377	49.442535	309.18463	31.675068	238.38889	64.519035	204.77686	139.70447	-21.862986	1370000	3.7252904e-10	691.4712	-0.0015884977	-216.49028	-0.42164454	0.0061318097	0.07439999	79.0	606.9390256404877
138	208.99525	100.21691	289.78912	-130.8825	301.96295	59.253864	454.02188	165.7394	-44.872925	1380000	-2.6077032e-09	1326.4436	-0.0017764419	-525.0339	-0.44298673	0.0052277553	0.0821	79.0	611.4511024951935
139	242.49203	73.24913	294.54755	-166.42157	265.28125	61.67575	348.28802	151.5252	-68.224434	1390000	8.381903e-10	852.19885	-0.0016319882	-408.63034	-0.46401986	0.0055368682	0.0612	79.0	615.5321002006531
140	238.78879	88.06891	298.73785	-213.35785	285.46875	56.315475	453.93066	166.65118	-186.09178	1400000	7.4505807e-10	747.2609	-0.0016662885	-192.8898	-0.4652837	0.009241909	0.0732	79.0	619.698504447937
141	226.28174	78.233116	312.44202	21.236013	250.20589	66.757965	605.5549	164.80562	-56.783615	1410000	1.1175871e-09	1390.1207	-0.001744609	-459.21616	-0.467058	0.011137779	0.0926	79.0	622.9529130458832
142	251.9257	49.50888	298.783	24.072432	214.04762	75.37206	226.3823	152.79015	-35.42507	1420000	-5.2154063e-09	560.561	-0.0016053576	-200.18115	-0.47891253	0.0071872794	0.085	79.0	625.9442884922028
143	237.20798	51.477844	300.68646	-59.574642	241.51352	71.31677	345.2279	163.5755	-79.54573	1430000	1.8626451e-09	1034.7291	-0.0022125267	-334.79388	-0.48458177	0.010984379	0.0943	79.0	629.2377488613129
144	205.06697	99.91924	294.3342	-222.56058	272.33334	50.827805	660.38043	166.34396	-212.47235	1440000	-7.4505807e-10	1330.0543	-0.0016690834	-366.2151	-0.47798768	0.0074488684	0.0812	79.0	632.699066400528
145	242.92688	69.3087	291.90082	-113.75564	240.8125	58.22026	431.06757	153.16667	-114.32824	1450000	7.4505807e-10	882.01935	-0.0022787408	-252.76631	-0.4894205	0.009572985	0.10780001	79.0	635.905072927475
146	213.66412	101.395905	309.741	-95.2843	240.54286	64.98275	476.18753	167.07523	-83.09525	1460000	-3.7252903e-09	1379.3262	-0.002439884	-482.61353	-0.5125157	0.0054360395	0.09239999	79.0	639.5290679931641
147	248.61885	42.68208	306.38763	36.523922	252.85294	59.70328	291.36432	168.01048	-88.79406	1470000	2.2351743e-09	1037.7916	-0.0043989024	-482.27417	-0.50904834	0.012355337	0.12109999	79.0	642.6507890224457
148	245.4447	75.125595	299.1024	-113.55857	290.74075	62.894062	445.3835	163.46475	-46.270695	1480000	9.313226e-10	1119.7433	-0.0012099848	-751.0131	-0.5295646	0.004172352	0.057499997	79.0	646.0298566818237
149	240.7021	74.46705	301.88614	-118.71299	271.2258	61.90344	711.53925	166.8476	-134.53857	1490000	-5.5879354e-09	618.09937	-0.004634419	-88.85004	-0.5368483	0.012767792	0.13329999	79.0	649.7738723754883
150	239.95335	80.63495	301.32422	-204.18802	249.4	65.635826	567.5882	160.76448	-114.34982	1500000	-2.6077032e-09	607.2037	-0.00190819	-146.58755	-0.573012	0.007576538	0.073	79.0	653.4780957698822
