Epoch	AverageEpRet	StdEpRet	MaxEpRet	MinEpRet	AverageTestEpRet	StdTestEpRet	MaxTestEpRet	MinTestEpRet	EpLen	TestEpLen	TotalEnvInteracts	AverageQ1Vals	StdQ1Vals	MaxQ1Vals	MinQ1Vals	AverageQ2Vals	StdQ2Vals	MaxQ2Vals	MinQ2Vals	LossPi	LossQ	Time
1	-1150.6604	2.7295751e-05	-759.9775	-1633.2339	-1317.6794	0.00011580606	-1234.058	-1405.2772	200.0	200.0	3999	-22.011272	0.0022251229	1.0881941	-85.04082	-22.012928	0.0014120972	0.91378087	-84.94374	21.352211	3.9084225	28.832818269729614
2	-1218.6401	0.00043673202	-759.56323	-1662.437	-214.90698	4.3427277e-05	-123.60905	-351.65784	200.0	200.0	7999	-57.404125	0.0005064585	6.9689345	-118.388016	-57.404716	0.0032487463	6.6838017	-118.18119	55.516354	28.710274	68.00113940238953
3	-771.75604	0.00012283088	-116.50547	-1808.8154	-120.11804	3.377677e-05	-1.0224271	-335.4318	200.0	200.0	11999	-82.39955	0.0053479243	13.496797	-163.96371	-82.39999	0.0059014773	13.1179695	-164.12628	79.45083	71.18985	109.6436378955841
4	-187.92653	4.4355595e-05	-115.58871	-363.69794	-181.54718	1.9301011e-05	-4.0436735	-348.57767	200.0	200.0	15999	-75.04917	0.0038787313	25.550022	-206.10515	-75.04981	0.0065221977	25.079832	-206.70605	72.27314	86.12405	150.4256112575531
5	-133.01642	6.6533394e-05	-1.1596204	-323.25354	-177.01114	3.6189394e-05	-114.618645	-304.76752	200.0	200.0	19999	-61.952286	0.010783861	27.70598	-233.90198	-61.952835	0.0013093806	26.416082	-232.88014	58.883045	79.65826	190.21315622329712
6	-130.33005	8.5299225e-06	-0.31772432	-324.2362	-129.58582	2.4126264e-06	-0.6896473	-342.0578	200.0	200.0	23999	-50.21889	0.0015379046	21.963158	-243.11357	-50.217957	0.0014576124	22.471243	-242.49321	47.53576	63.203487	229.54593873023987
7	-174.22714	2.3883784e-05	-1.8820118	-356.57922	-189.36095	1.9301011e-05	-5.8422832	-390.74182	200.0	200.0	27999	-43.379494	0.00047248875	21.465118	-246.55223	-43.37935	0.0004369749	20.307034	-246.68639	41.02219	57.50592	268.2096767425537
8	-144.75766	5.117953e-06	-4.05739	-274.8867	-205.3044	2.4126264e-05	-116.53952	-354.35898	200.0	200.0	31999	-39.363777	0.0013587911	15.859902	-245.90416	-39.363846	0.0066090524	15.143794	-245.66354	37.592358	51.108326	306.31825137138367
9	-168.95834	2.7295751e-05	-6.0904593	-383.23978	-151.75862	9.6505055e-06	-7.204736	-349.9948	200.0	200.0	35999	-37.410236	0.0021231112	9.305907	-240.15889	-37.410107	0.0026172171	9.46915	-240.58209	36.02825	46.8556	344.3435206413269
10	-118.76792	2.2177797e-05	-5.3825283	-247.1715	-150.12851	2.8951516e-05	-5.379306	-253.75858	200.0	200.0	39999	-35.88767	0.0012661463	7.310416	-243.60909	-35.88741	0.00046476835	8.200534	-242.80048	34.505486	42.87149	383.41457748413086
11	-158.39944	4.7767568e-05	-5.0200114	-381.4218	-151.7752	1.9301011e-05	-121.68651	-261.5451	200.0	200.0	43999	-34.77573	0.002367076	6.2023993	-244.56303	-34.776016	0.00065932254	7.39245	-245.15033	33.56861	38.804634	423.95628452301025
12	-139.10379	4.0943625e-05	-3.2212298	-375.60107	-169.33965	1.4475758e-05	-118.300644	-242.0146	200.0	200.0	47999	-31.22061	0.0001852897	8.230933	-248.539	-31.220772	0.0009619624	8.25606	-247.89247	29.839117	38.767056	463.2842860221863
13	-151.51193	7.8475285e-05	-0.4288521	-245.63045	-158.94064	1.9301011e-05	-3.5393164	-332.11356	200.0	200.0	51999	-30.420275	6.562344e-05	7.922431	-254.75148	-30.420233	0.0040586167	9.968077	-255.42764	29.246897	33.900085	502.22611117362976
14	-117.15936	2.2177797e-05	-2.272354	-245.61317	-174.64572	1.4475758e-05	-0.27597457	-338.92056	200.0	200.0	55999	-28.800793	0.0009125518	10.318496	-256.2759	-28.801075	0.0009218163	10.658207	-256.0821	27.782164	30.435968	540.8987553119659
15	-146.0853	9.382915e-05	-0.35635313	-382.242	-211.10172	4.825253e-05	-124.32092	-333.83356	200.0	200.0	59999	-27.361546	0.0021723288	8.697247	-257.40894	-27.361908	0.002771625	9.883672	-255.82703	26.39088	34.455704	580.2601387500763
16	-180.9992	0.00011259498	-119.51352	-353.63986	-145.2053	4.825253e-05	-3.4841247	-347.9129	200.0	200.0	63999	-26.07482	0.0032163204	14.302679	-259.82922	-26.07486	0.0011028597	10.398091	-259.32358	25.205055	30.85993	619.9325823783875
17	-170.8633	1.3647876e-05	-0.5862144	-359.77798	-216.15125	5.790303e-05	-117.07119	-328.16364	200.0	200.0	67999	-25.000252	0.0007419309	9.166155	-259.5492	-25.000397	0.0007867092	7.6700206	-258.89548	24.059551	30.588886	659.2696056365967
18	-173.1206	7.1651346e-05	-1.4192011	-342.44034	-87.58986	9.6505055e-06	-1.7182997	-249.91533	200.0	200.0	71999	-24.05247	9.7277094e-05	8.152847	-260.20947	-24.052427	0.00043543082	8.585943	-259.97134	23.074871	29.148676	699.29199385643
19	-109.21147	2.3883784e-05	-1.1396401	-248.29016	-156.68492	2.4126264e-05	-119.86439	-346.34772	200.0	200.0	75999	-23.5233	0.00014823176	6.976138	-261.4652	-23.523575	0.0010669599	7.8815684	-259.77316	22.676216	27.251072	740.3459715843201
20	-110.57245	1.876583e-05	-1.127887	-230.94917	-176.92395	2.4126264e-06	-2.5304859	-316.023	200.0	200.0	79999	-22.458303	0.00010808566	10.041531	-262.49405	-22.458185	0.00015749625	10.905046	-261.11856	21.635017	23.529573	782.0563073158264
21	-157.32153	4.606158e-05	-0.83167946	-353.3877	-108.29054	7.237879e-06	-0.29322675	-235.23064	200.0	200.0	83999	-21.977606	0.0012705856	8.531124	-261.52637	-21.977745	4.9410588e-05	8.409355	-260.19696	21.326454	24.598711	824.48402094841
22	-162.61862	2.5589767e-05	-2.8367758	-246.78937	-177.39139	1.4475758e-05	-0.4638034	-340.17502	200.0	200.0	87999	-21.856087	0.001050554	7.548116	-259.7571	-21.8561	0.00022485678	7.6091537	-258.91086	21.081758	22.843325	867.6317362785339
23	-143.11868	6.823938e-05	-0.78464323	-239.83482	-190.05093	2.653889e-05	-113.749565	-245.87022	200.0	200.0	91999	-21.50181	0.002404134	9.586977	-262.90787	-21.502094	0.0009882118	8.024758	-260.5396	20.92462	23.175547	912.3972804546356
24	-133.25455	5.629749e-05	-0.47297293	-379.1849	-167.14348	2.4126264e-06	-115.717476	-359.91568	200.0	200.0	95999	-21.08587	0.002636518	8.977232	-262.06268	-21.085882	0.0015012326	6.7371445	-261.50604	20.54811	20.782598	956.7839179039001
25	-152.83554	3.2413704e-05	-4.1055923	-378.98633	-184.05208	4.8252527e-06	-124.41547	-252.8137	200.0	200.0	99999	-21.05833	0.0015795948	6.961593	-260.06628	-21.05824	0.0005226714	6.7180047	-259.56537	20.45413	22.740292	1001.4613606929779
26	-191.26793	1.7059845e-05	-2.5079737	-373.5258	-62.550556	9.6505055e-06	-2.0840633	-126.078285	200.0	200.0	103999	-21.12821	0.0005327079	5.1391854	-259.4598	-21.128208	0.0022605346	7.5833936	-258.39703	20.50811	22.794468	1046.4586737155914
27	-99.68262	1.0235906e-05	-1.4874811	-234.04279	-159.10513	3.377677e-05	-121.52776	-243.85797	200.0	200.0	107999	-21.111296	0.00096273446	5.133942	-263.14075	-21.111336	0.00017911338	4.8819976	-262.8177	20.593313	21.699818	1091.7802948951721
28	-168.72275	7.506332e-05	-0.7490261	-379.19366	-167.79733	2.4126264e-06	-115.52509	-245.81668	200.0	200.0	111999	-21.139725	0.00080832635	3.0160232	-265.88327	-21.139835	0.0002632658	3.862571	-264.97885	20.568724	17.579473	1137.3189418315887
29	-126.74949	1.0235906e-05	-1.1334432	-370.19882	-163.97157	2.1713638e-05	-1.6666048	-349.99698	200.0	200.0	115999	-20.54695	0.0013371741	5.025353	-267.1234	-20.546875	0.0008886185	4.545709	-265.92126	19.997583	19.679949	1183.5235686302185
30	-150.76639	3.411969e-05	-1.5595527	-244.87775	-110.215576	1.2063132e-05	-2.1715796	-235.57518	200.0	200.0	119999	-20.08735	0.0010389735	6.226802	-270.77887	-20.087132	0.0003512784	5.507574	-269.33765	19.595413	17.927008	1230.31613945961
31	-142.30766	2.0471813e-05	-1.3129985	-294.2729	-121.1358	1.2063132e-05	-1.3212217	-345.76282	200.0	200.0	123999	-19.58171	0.0007459841	6.814641	-272.66342	-19.581923	2.0652082e-05	7.283503	-271.8667	19.137245	14.431234	1277.9034967422485
32	-132.20135	6.141544e-05	-1.2550266	-244.59198	-179.79666	3.6189394e-05	-118.31742	-249.51396	200.0	200.0	127999	-19.362814	0.0008141166	5.109139	-271.31256	-19.362839	0.00089016266	4.524354	-270.75952	18.800045	17.914867	1325.6294836997986
33	-144.56477	2.9001736e-05	-1.9179727	-244.91864	-209.30583	2.8951516e-05	-0.8277978	-358.34363	200.0	200.0	131999	-18.764236	0.00026480987	4.464749	-271.19135	-18.764044	0.0017019631	5.8998523	-270.44815	18.291418	17.551239	1373.9465041160583
34	-163.79381	3.070772e-05	-0.6638737	-376.33698	-134.94621	3.6189394e-05	-1.3954824	-250.69565	200.0	200.0	135999	-18.627935	0.00041728787	4.4516816	-272.99838	-18.627985	8.569649e-05	5.4175816	-271.32678	18.167313	17.829838	1424.2204003334045
35	-153.67697	4.7767568e-05	-0.82449853	-338.96564	-155.32611	2.8951516e-05	-119.97675	-236.55925	200.0	200.0	139999	-18.437342	2.9337538e-05	5.0930314	-272.10428	-18.43746	0.0015363605	5.4611535	-272.19528	17.920902	15.7769	1474.7247560024261
36	-160.75021	1.7059845e-05	-0.80753344	-244.36093	-154.35995	2.8951516e-05	-2.1989555	-243.86751	200.0	200.0	143999	-18.190334	0.0018721981	6.2678175	-270.2235	-18.19014	0.0017371875	7.3092556	-268.86057	17.781593	16.998285	1525.0693192481995
37	-117.39286	1.7059845e-06	-3.1103168	-263.16095	-134.1741	9.6505055e-06	-3.3042648	-251.1609	200.0	200.0	147999	-18.05528	0.0006620247	3.3832922	-273.37216	-18.055178	0.00030447345	4.6639113	-272.15216	17.719337	15.08948	1577.0673747062683
38	-161.32567	1.7059845e-05	-1.6857082	-357.44632	-120.963974	1.9301011e-05	-1.4659462	-230.1227	200.0	200.0	151999	-18.334446	0.0028380207	4.0233955	-275.1979	-18.334526	0.001068504	5.561053	-274.3071	17.864746	10.973908	1629.2036867141724
39	-143.34573	1.1941892e-05	-5.1267285	-377.20627	-155.83554	2.4126264e-05	-1.4748693	-360.5365	200.0	200.0	155999	-18.399136	0.00078362104	2.7817545	-276.60788	-18.399118	0.0017299496	4.5144615	-275.04337	17.963774	13.234179	1681.9214987754822
40	-137.95108	5.1179533e-05	-115.29856	-233.8553	-165.90175	7.237879e-06	-119.81616	-322.5097	200.0	200.0	159999	-18.26209	0.00031344843	3.220595	-275.3087	-18.262274	0.00034741822	3.83504	-273.58975	17.76754	13.933629	1735.4967031478882
41	-120.94647	1.0235906e-05	-1.0249637	-243.12062	-143.53693	7.237879e-06	-2.4790802	-238.63458	200.0	200.0	163999	-17.731787	0.00032194087	4.284694	-278.54916	-17.731688	8.955669e-05	6.6472883	-276.71503	17.232977	16.170303	1789.8246676921844
