Epoch	AverageEpRet	StdEpRet	MaxEpRet	MinEpRet	EpLen	AverageVVals	StdVVals	MaxVVals	MinVVals	TotalEnvInteracts	LossPi	LossV	DeltaLossPi	DeltaLossV	Entropy	KL	ClipFrac	StopIter	Time
1	-502.5337	55.31851	-412.29117	-574.3196	1000.0	-0.27752027	0.19330877	0.76886165	-2.4065542	10000	1.4901161e-09	2347.2954	-0.0067211427	-1845.3098	0.91893864	0.011472761	0.201	79.0	2.009536027908325
2	-456.85098	59.629715	-366.8835	-567.6933	1000.0	-40.902267	20.289246	-2.7400653	-102.907104	20000	1.8626451e-09	358.1303	-0.015153145	-73.45625	0.9123615	0.007818476	0.21399999	79.0	4.009387254714966
3	-451.0048	51.829647	-359.59195	-541.37366	1000.0	-42.277405	14.030977	-4.0211425	-93.19325	30000	-3.6321581e-09	336.66757	-0.013683483	-26.26394	0.90010387	0.003355945	0.2062	79.0	6.146825790405273
4	-475.16367	66.478004	-394.44702	-614.1971	1000.0	-41.884758	17.73405	-5.810014	-82.33027	40000	1.6763806e-09	284.3011	-0.010876173	-29.060541	0.88589746	0.0008904025	0.1954	79.0	8.177102327346802
5	-389.55127	64.96142	-229.34497	-479.97485	1000.0	-43.599007	23.148764	-6.7161837	-81.3378	50000	-2.2351743e-09	262.87466	-0.011243942	-48.66839	0.86678296	0.002423245	0.1986	79.0	10.197204113006592
6	-316.7846	65.733284	-217.49274	-426.86496	1000.0	-37.549664	21.499678	-9.082267	-94.23236	60000	2.2351743e-09	262.7654	-0.010601183	-62.655243	0.8518089	0.00539725	0.2172	79.0	12.214048147201538
7	-293.16592	60.660633	-207.16173	-435.15237	1000.0	-29.887663	18.016806	-8.968915	-54.09044	70000	-7.4505807e-10	200.33803	-0.00879336	-11.466439	0.83636713	0.003376205	0.20349999	79.0	14.237941980361938
8	-267.7574	62.643326	-129.31743	-369.162	1000.0	-28.392353	17.72174	-8.521923	-53.23123	80000	9.313226e-11	151.41325	-0.007852113	-10.709694	0.8212162	0.007178077	0.21730001	79.0	16.256760835647583
9	-205.99722	29.417923	-170.3052	-277.93646	1000.0	-26.193804	48.434605	-8.505777	-73.35591	90000	1.8626451e-09	146.35567	-0.021217179	-37.988667	0.8078539	0.009308656	0.26340002	79.0	18.357277154922485
10	-155.00786	47.23334	-59.31769	-219.18109	1000.0	-20.424807	78.636604	-7.1396403	-60.285995	100000	-3.7252903e-09	160.28664	-0.009382744	-26.117462	0.7954919	0.010819844	0.2135	79.0	20.789695024490356
11	-111.51969	60.474358	3.4371228	-208.89198	1000.0	-15.393428	77.58414	-4.322423	-56.62465	110000	5.5879357e-10	136.17378	-0.0053455634	-12.492503	0.7824124	0.007878254	0.2023	79.0	23.133328199386597
12	-111.90846	58.39377	33.891953	-175.63159	1000.0	-11.9285145	31.842302	-3.5082746	-33.9579	120000	-7.4505807e-10	112.73866	-0.006208791	-4.175022	0.76918393	0.012516963	0.21100001	79.0	25.66693639755249
13	-81.280525	48.26189	7.107126	-140.48369	1000.0	-10.53953	17.654905	-2.1034403	-32.010082	130000	-7.4505807e-10	123.53036	-0.008491642	-9.007382	0.7589719	0.015457888	0.23120001	79.0	28.187278747558594
14	-29.390955	48.18072	35.937115	-113.740456	1000.0	-8.358168	44.486176	-0.10025687	-43.627872	140000	0.0	147.28476	-0.008103082	-22.778303	0.7515842	0.016934203	0.23699999	79.0	30.524383068084717
15	6.4735136	85.46605	129.70801	-164.16005	1000.0	-7.378768	255.16965	5.8765864	-65.76085	150000	1.4901161e-09	149.10173	-0.0092824	-53.96292	0.7455671	0.021874884	0.2638	79.0	32.707117557525635
16	31.08747	58.135025	143.65286	-97.81792	1000.0	2.3175087	111.88161	16.248316	-20.090622	160000	1.4901161e-09	106.56384	-0.009873229	-6.111868	0.73734695	0.021503072	0.2597	79.0	34.80118799209595
17	91.31551	28.51667	133.0383	40.227512	1000.0	3.2466285	66.76136	15.16494	-26.88914	170000	-1.9557773e-09	168.70554	-0.010964312	-41.328167	0.7283597	0.022937901	0.27590004	79.0	36.901851177215576
18	90.38626	53.344284	170.8129	-5.849264	1000.0	8.935968	53.901794	24.00092	-15.030077	180000	2.2351743e-09	137.41486	-0.009375213	-14.007253	0.71825963	0.029141894	0.2827	79.0	39.00374102592468
19	92.56948	109.085396	269.20807	-31.500319	1000.0	1.8846867	187.03572	25.450827	-61.164986	190000	0.0	172.70396	-0.006972719	-58.249535	0.7083504	0.016012505	0.2448	79.0	41.09211730957031
20	155.23885	116.64823	391.4725	-35.021854	1000.0	13.739803	256.68494	37.655422	-24.018074	200000	7.4505807e-10	177.19879	-0.006651464	-16.03368	0.69905496	0.022603419	0.24649999	79.0	43.18028163909912
21	198.90388	85.52101	295.16156	6.7453547	1000.0	15.995511	181.13264	44.712208	-23.074581	210000	1.4901161e-09	171.95346	-0.011272348	-12.702776	0.6936683	0.024040824	0.2934	79.0	45.28084993362427
22	219.8455	96.92971	364.27606	59.478085	1000.0	17.845972	228.07109	44.871746	-44.386375	220000	2.0954757e-10	156.13046	-0.011465427	-16.661499	0.68506145	0.022160716	0.2982	79.0	47.37399911880493
23	250.19724	99.61421	407.4637	78.389626	1000.0	21.079355	234.89334	48.753544	-13.43239	230000	3.7252904e-10	199.53537	-0.010591786	-19.893951	0.67474115	0.020728383	0.27959996	79.0	49.47289681434631
24	244.60254	137.43639	462.11484	37.270756	1000.0	22.531744	255.28996	54.318237	-17.121586	240000	1.4901161e-09	184.92361	-0.008717256	-15.031874	0.6642668	0.020433258	0.27400002	79.0	51.562989950180054
25	272.1652	160.58727	591.5969	81.479004	1000.0	22.690296	323.00842	54.523327	-36.44456	250000	2.4214386e-09	202.91942	-0.00662239	-17.660345	0.65563405	0.020635167	0.2659	79.0	53.65272784233093
26	293.0689	111.014565	441.46024	69.89809	1000.0	26.102543	284.32724	61.685253	-14.629174	260000	3.7252904e-10	191.77588	-0.01337661	-16.925388	0.6438575	0.020421091	0.31460002	79.0	55.74550724029541
27	435.29254	136.04698	663.7606	285.7625	1000.0	34.78645	234.1235	60.94209	-36.654396	270000	-2.2351743e-09	286.86783	-0.005780187	-78.47449	0.6346655	0.016877634	0.2457	79.0	57.82730007171631
28	481.84415	120.87296	593.88226	189.39192	1000.0	44.208145	318.45554	71.81434	-33.308407	280000	1.4901161e-09	221.1965	-0.01202255	-16.84789	0.6278933	0.024026945	0.3096	79.0	59.925819635391235
29	408.65747	209.81482	620.0434	-181.8449	1000.0	39.6737	634.6809	74.6542	-41.420364	290000	1.3038516e-09	230.34009	-0.015592381	-10.607459	0.6207874	0.023240307	0.3308	79.0	62.01863765716553
30	510.61908	133.49068	752.125	368.4289	1000.0	46.090015	278.8837	78.34022	-6.9658284	300000	2.0489097e-09	262.7334	-0.008023405	-31.963993	0.6112174	0.02295261	0.2716	79.0	64.10810780525208
31	559.0436	147.97083	761.12573	350.21964	1000.0	51.70728	237.61092	78.573616	2.3368695	310000	3.5390257e-09	327.71573	-0.0067721466	-28.16042	0.60437614	0.015792243	0.26590002	79.0	66.20892429351807
32	511.48257	162.87752	822.67694	240.06499	1000.0	49.680317	407.0296	89.35767	-42.14614	320000	2.2351743e-09	345.48416	-0.010198617	-18.244713	0.59556663	0.022003597	0.3004	79.0	68.30074548721313
33	668.4131	206.17314	951.8428	301.73175	1000.0	56.189213	405.03967	90.08727	-4.565235	330000	-3.5390257e-09	549.75476	-0.0072710365	-146.76367	0.58751744	0.021252783	0.27210003	79.0	70.39164996147156
34	611.3522	281.97455	941.13947	-83.757545	1000.0	62.004025	674.7476	114.66682	-29.727787	340000	-1.6763806e-09	348.41245	-0.006745373	-52.769054	0.5778425	0.02218825	0.2866	79.0	72.48614978790283
35	671.349	249.05429	1012.039	271.95532	1000.0	65.69341	415.63544	99.81546	6.023017	350000	1.3038516e-09	450.39395	-0.004781985	-58.978676	0.5699343	0.019398423	0.2671	79.0	74.58230209350586
36	758.3787	189.00832	983.125	473.0801	1000.0	68.56307	501.21185	111.668495	-59.334118	360000	-7.4505807e-10	448.0127	-0.014263677	-49.20293	0.56066895	0.023184562	0.3388	79.0	76.6897463798523
37	816.11707	133.213	988.19714	570.40546	1000.0	77.62901	276.23785	112.19299	11.658904	370000	1.4901161e-09	350.18362	-0.011139138	-34.709526	0.54883015	0.023472087	0.3215	79.0	78.78306984901428
38	850.05566	49.66066	953.4099	798.3903	1000.0	84.26557	91.0936	114.83105	12.700125	380000	3.5390257e-09	392.22372	-0.01643831	-44.011253	0.5373911	0.023157382	0.3476	79.0	80.87753319740295
39	899.4951	273.18918	1204.6417	132.89363	1000.0	84.62163	534.1241	119.51454	-6.94856	390000	-1.8626452e-10	509.50815	-0.0050948383	-168.71413	0.52736646	0.022580653	0.2582	79.0	82.97203540802002
40	965.4914	169.20883	1157.0576	549.9126	1000.0	94.832436	239.28625	122.84522	21.269596	400000	1.8626451e-09	500.75854	-0.007774476	-28.013966	0.5196747	0.016075417	0.28000003	79.0	85.06408333778381
41	1095.575	91.388664	1232.9921	969.9401	1000.0	100.61878	130.01428	130.20532	31.79516	410000	3.9115546e-09	489.2531	-0.014823653	-104.97136	0.5119673	0.019933963	0.3373	79.0	87.15778231620789
42	1036.0466	120.266426	1187.1387	801.6436	1000.0	107.2581	163.8119	136.46568	48.096165	420000	4.656613e-10	374.4013	-0.009698267	-34.959297	0.49924022	0.01917252	0.294	79.0	89.24814248085022
43	1198.9124	123.26478	1331.602	941.42163	1000.0	108.59569	104.80625	134.7305	38.352707	430000	-3.7252904e-10	546.1357	-0.006762518	-137.75133	0.4916502	0.024632461	0.2818	79.0	91.33038115501404
44	1092.2639	155.7998	1353.8071	865.4218	1000.0	113.23215	201.00932	149.57841	0.43643385	440000	3.7252904e-10	593.4708	-0.00755884	-53.56301	0.4807993	0.018749353	0.2921	79.0	93.43104362487793
45	1019.05896	466.65292	1352.0975	-350.71594	1000.0	100.07542	1006.0537	140.05737	-16.176609	450000	7.4505807e-10	770.0169	-0.004563237	-218.47173	0.47398502	0.017577881	0.26279998	79.0	95.51311039924622
46	1333.0417	79.12712	1412.1725	1144.8096	1000.0	122.29237	92.13065	149.21721	31.898561	460000	7.823109e-09	540.7852	-0.015683984	-180.94809	0.46283317	0.023820218	0.33249998	79.0	97.60356736183167
47	1231.1642	420.51886	1653.9458	75.41241	1000.0	123.97845	1065.4481	161.73503	-40.04742	470000	-3.7252904e-10	634.0373	-0.00474093	-62.949898	0.45633292	0.018940825	0.27609998	79.0	99.68983387947083
48	1227.7103	353.42163	1569.753	313.97482	1000.0	120.06516	997.20166	164.05421	-63.181732	480000	-3.5390257e-09	652.6794	-0.007632299	-24.241108	0.44815987	0.018401451	0.2916	79.0	101.76497983932495
49	1395.5693	139.9588	1562.6644	1158.8711	1000.0	135.13939	146.6023	164.23215	39.56743	490000	-1.0244549e-09	537.5526	-0.009057978	-48.04319	0.44158643	0.020807717	0.3071	79.0	103.84225726127625
50	1344.0867	218.27917	1518.1809	737.7943	1000.0	133.4226	625.2166	172.62708	-35.12236	500000	1.8626451e-09	644.0082	-0.0117800115	-57.243176	0.43124008	0.024906203	0.32020003	79.0	105.92737746238708
51	1500.9084	167.48611	1708.0475	1177.602	1000.0	145.07164	173.8282	174.75415	50.239883	510000	7.4505807e-10	557.61456	-0.0072771185	-70.199875	0.42585486	0.017167551	0.2964	79.0	108.00862169265747
52	1369.9268	418.14453	1767.1925	188.1408	1000.0	139.07092	1130.5477	183.1572	-55.49459	520000	2.2351743e-09	678.8219	-0.0062486553	-86.9489	0.41647148	0.020604974	0.2789	79.0	110.09372687339783
53	1560.024	104.230804	1737.885	1440.9441	1000.0	151.97508	80.633514	174.92311	54.971386	530000	1.1175871e-09	532.62354	-0.009288585	-45.96154	0.40867653	0.018091308	0.29380003	79.0	112.18423223495483
54	1627.7178	93.14866	1748.2983	1484.2926	1000.0	158.12616	96.8846	185.41608	67.38223	540000	-3.7252903e-09	486.5331	-0.011287743	-64.64342	0.40047827	0.021723583	0.315	79.0	114.2755753993988
55	1734.6775	137.64645	1912.3488	1426.6676	1000.0	167.82712	116.662636	194.37724	69.03397	550000	-1.4901161e-09	494.4623	-0.007501124	-98.65702	0.39281622	0.021490498	0.288	79.0	116.35772395133972
56	1699.9727	156.35988	1936.4325	1328.2977	1000.0	174.70482	175.09724	206.42783	77.952866	560000	7.4505807e-10	443.98492	-0.007898876	-23.133854	0.38639873	0.015879791	0.2935	79.0	118.44966077804565
57	1479.7963	545.21344	2031.7079	15.773343	1000.0	152.08134	1480.8317	202.06004	-42.43828	570000	-7.4505807e-10	893.09814	-0.0059167254	-122.40658	0.37617317	0.01937277	0.2867	79.0	120.53570771217346
58	1777.0359	116.187325	1937.1584	1616.5419	1000.0	170.25293	121.477165	200.40317	43.134293	580000	-2.4214386e-09	661.1263	-0.011364574	-115.707016	0.36580095	0.022923844	0.3348	79.0	122.63601207733154
59	1855.0586	99.66878	2047.7731	1689.4891	1000.0	182.28435	92.7757	209.19067	88.03428	590000	-2.7939677e-09	457.76822	-0.010285331	-34.372536	0.35634696	0.018117314	0.2963	79.0	124.7154610157013
60	1928.8365	108.40852	2116.475	1737.6311	1000.0	187.44434	111.154335	214.13298	97.345184	600000	-7.4505807e-10	555.06866	-0.0102685075	-89.43022	0.34593	0.024820235	0.3188	79.0	126.80784678459167
61	1867.4089	143.66293	2061.1106	1545.263	1000.0	192.1119	135.51556	231.80957	85.52039	610000	3.5855918e-09	742.77594	-0.010367744	-22.090206	0.33623952	0.021295667	0.3164	79.0	128.89440178871155
62	1914.7133	107.07679	2044.3647	1787.2383	1000.0	194.19087	97.06926	234.3395	81.18873	620000	-2.7939678e-10	564.7992	-0.010797724	-19.483541	0.32791936	0.021632504	0.31479996	79.0	130.9775731563568
63	1991.2551	117.21669	2167.1873	1722.5055	1000.0	195.64592	128.82167	232.17221	105.21045	630000	-1.4901161e-09	530.8592	-0.010488914	-58.951904	0.31846988	0.02096891	0.308	79.0	133.0722417831421
64	1978.2031	109.45751	2142.0251	1775.2402	1000.0	200.94525	106.97763	237.78278	102.91229	640000	0.0	575.68854	-0.009446686	-19.793879	0.30740157	0.018292265	0.3069	79.0	135.16568303108215
65	2071.2778	99.94504	2216.4048	1903.3394	1000.0	202.5449	87.245	233.15106	110.280785	650000	4.842877e-09	501.56793	-0.010151561	-57.55376	0.29977146	0.018535588	0.3056	79.0	137.2473542690277
66	2021.406	250.90622	2265.21	1399.738	1000.0	203.73105	521.36945	240.14702	19.271416	660000	-7.4505807e-10	817.9216	-0.0060325935	-161.35258	0.28938445	0.02320503	0.2794	79.0	139.3292818069458
67	2193.3608	102.82788	2353.207	1961.9811	1000.0	212.9832	69.45592	236.7284	104.94249	670000	-2.9802323e-09	597.4735	-0.009100593	-94.942	0.28100044	0.019981634	0.30879998	79.0	141.424072265625
68	2035.2207	367.3032	2408.9673	1111.4469	1000.0	212.36395	693.081	249.37578	-22.528048	680000	-7.4505807e-10	1024.6761	-0.0040061264	-110.47322	0.26735556	0.015580684	0.2522	79.0	143.51531314849854
69	2191.5715	92.11424	2344.8833	2052.6318	1000.0	215.0247	68.652855	249.52084	61.148933	690000	3.7252904e-10	662.69275	-0.014964171	-114.88722	0.25909418	0.020620001	0.33549997	79.0	145.60823154449463
70	1901.3239	733.265	2361.2537	-251.24223	1000.0	201.8107	1678.6427	252.8789	5.9275403	700000	-2.2351743e-09	1432.141	-0.003553527	-508.20673	0.25104985	0.018230198	0.23629999	79.0	147.71026849746704
71	2282.491	138.43819	2494.546	2022.071	1000.0	220.8294	118.62836	248.14857	81.56405	710000	-1.1175871e-09	597.52167	-0.007814598	-127.73682	0.24726269	0.019799326	0.31080002	79.0	149.80341696739197
72	2295.0	123.16717	2514.6453	2064.838	1000.0	230.848	105.87504	259.31454	118.87884	720000	-3.7252904e-10	552.9979	-0.010179195	-25.842499	0.23447886	0.022534002	0.31030002	79.0	151.8909125328064
73	2327.466	104.47063	2486.386	2096.9893	1000.0	233.6428	91.71471	261.86407	103.02156	730000	-3.7252904e-10	507.7605	-0.012150714	-35.461052	0.23012872	0.024323132	0.3256	79.0	153.97798609733582
74	2342.5183	125.79001	2527.0427	2105.7886	1000.0	237.491	74.0694	262.8572	117.9155	740000	-5.2154063e-09	530.8319	-0.007843298	-18.1255	0.22153044	0.020228988	0.28519997	79.0	156.06407189369202
75	2010.3105	593.17804	2508.951	482.91586	1000.0	212.78818	1500.513	263.56232	-6.4988365	750000	-3.7252904e-10	1372.1438	-0.004437507	-311.33307	0.21419744	0.017994486	0.2589	79.0	158.1599817276001
76	2356.6409	193.91058	2646.2415	2006.6707	1000.0	229.45145	189.32373	264.38467	87.625984	760000	1.8626451e-09	752.7096	-0.007209316	-119.91138	0.20881398	0.018408924	0.29029998	79.0	160.25099635124207
77	2452.2598	297.95703	2602.867	1564.9634	1000.0	235.07602	704.28235	276.52826	-10.875239	770000	7.4505807e-10	942.7912	-0.00609783	-188.7804	0.19525604	0.019809823	0.28790003	79.0	162.33705258369446
78	2502.5352	149.37646	2715.4263	2215.0327	1000.0	251.97467	155.40038	283.27002	108.788414	780000	1.4901161e-09	551.45514	-0.008395681	-31.402607	0.18214758	0.019904766	0.30510002	79.0	164.42288041114807
79	2563.8015	61.0451	2654.6511	2454.318	1000.0	255.22873	43.19589	284.1858	136.38911	790000	-1.3038516e-09	422.75458	-0.016422179	-48.550407	0.17190604	0.022776242	0.3322	79.0	166.51061296463013
80	2665.025	127.04616	2787.5068	2404.4033	1000.0	262.7144	78.32894	288.98032	155.97621	800000	3.259629e-10	450.44205	-0.006636967	-62.082153	0.15813136	0.021701168	0.271	79.0	168.5991632938385
81	2577.1343	72.19399	2660.557	2449.5232	1000.0	267.09375	69.78998	294.24704	153.79669	810000	-2.9802323e-09	658.6439	-0.0159798	-89.44564	0.14768392	0.019398514	0.33030003	79.0	170.68503427505493
82	2705.2485	164.00905	3036.8062	2447.1013	1000.0	261.69342	86.58964	281.70142	149.75328	820000	3.3527612e-09	687.1222	-0.0049133506	-199.04597	0.14089584	0.017670559	0.2617	79.0	172.7734830379486
83	2564.9343	146.08989	2808.362	2274.9172	1000.0	270.75946	139.18965	300.71442	158.72437	830000	2.2351743e-09	845.23645	-0.009526198	-83.873764	0.12854144	0.021564674	0.30650002	79.0	174.8675572872162
84	2710.9224	80.49045	2835.4675	2572.0693	1000.0	266.66315	86.915436	294.07224	154.16095	840000	0.0	477.88507	-0.014471263	-95.371155	0.11853193	0.022459427	0.31939998	79.0	176.9506061077118
85	2749.436	142.64606	2991.8774	2576.0664	1000.0	275.21744	88.98551	297.11758	179.26	850000	-4.842877e-09	833.29236	-0.008055387	-44.98191	0.108622216	0.017703408	0.29119998	79.0	179.03854727745056
86	2781.9382	136.8866	2951.862	2525.6965	1000.0	278.5136	112.42851	309.9108	166.2133	860000	-1.8626451e-09	504.2713	-0.008203899	-41.09961	0.09502867	0.019094307	0.2941	79.0	181.13019037246704
87	2535.418	607.012	2936.4634	778.01636	1000.0	265.56802	1460.1953	309.96234	12.436841	870000	1.8626451e-09	1417.1611	-0.004121041	-290.6612	0.082898	0.02154931	0.25169998	79.0	183.2155783176422
88	2833.2676	106.44238	2986.4495	2570.6958	1000.0	277.13028	99.61111	311.55597	141.76205	880000	-7.4505807e-10	703.1122	-0.012791447	-93.315796	0.07528778	0.019066636	0.31020004	79.0	185.30616354942322
89	2770.5015	251.91096	3017.7007	2125.8718	1000.0	278.28067	660.8176	310.77097	-14.390403	890000	-5.5879357e-10	990.0587	-0.007288595	-71.388916	0.064382516	0.020054156	0.2913	79.0	187.38862657546997
90	2539.8672	949.9522	3029.9006	-186.49313	1000.0	250.1154	2850.389	313.75223	-54.08057	900000	-2.2351743e-09	1068.7769	-0.004829745	-90.88003	0.05528011	0.01618224	0.25289997	79.0	189.47586965560913
91	2880.614	163.10477	3099.494	2462.9324	1000.0	289.07886	173.4391	320.5697	76.44478	910000	1.8626451e-09	964.81854	-0.010681247	-112.88222	0.04852057	0.017478175	0.3212	79.0	191.5686595439911
92	2931.216	181.57335	3162.1145	2579.6672	1000.0	291.3739	154.4106	320.31293	171.22166	920000	3.7252903e-09	958.7721	-0.006197151	-87.55636	0.039353985	0.020441173	0.27719998	79.0	193.6696653366089
93	2974.2798	121.32354	3144.1907	2783.2	1000.0	299.35556	140.37674	336.0442	147.711	930000	-1.8626451e-09	563.79724	-0.011650471	-67.203384	0.028554142	0.018623553	0.3292	79.0	195.7649803161621
94	3035.6394	114.86109	3158.359	2765.6785	1000.0	303.206	89.07753	328.3979	202.50183	940000	-1.6763806e-09	589.23315	-0.009055378	-36.51208	0.015260659	0.019363325	0.312	79.0	197.85260796546936
95	2885.4807	419.30347	3428.1672	1773.633	1000.0	299.47696	703.84326	333.3064	54.108128	950000	1.4901161e-09	1860.6768	-0.0037318722	-366.94202	0.004496414	0.016331103	0.25169998	79.0	199.9410891532898
96	3118.8213	180.29156	3391.2102	2790.8586	1000.0	306.1678	184.95422	346.03003	133.5056	960000	-2.6077032e-09	895.1707	-0.008654332	-174.38887	0.00024205397	0.019792154	0.2926	79.0	202.0223479270935
97	3174.2234	70.799	3277.4365	3068.9553	1000.0	316.8109	56.475445	343.73718	191.9649	970000	-2.4214386e-09	528.1122	-0.01278724	-78.86178	-0.008218309	0.022005722	0.34219998	79.0	204.113614320755
98	3092.8105	155.00623	3361.1665	2867.195	1000.0	321.71796	91.31246	344.57294	229.69272	980000	-2.2351743e-09	903.08826	-0.0068357093	-116.92647	-0.016170342	0.019134909	0.2719	79.0	206.19773316383362
99	3174.6738	182.84204	3417.7703	2857.16	1000.0	315.212	156.94017	345.33298	194.0536	990000	7.450581e-09	644.36194	-0.006438905	-73.48439	-0.025274282	0.016031183	0.274	79.0	208.28751015663147
100	3094.9846	481.20724	3423.004	1712.8113	1000.0	314.16794	952.5921	346.1292	40.341198	1000000	0.0	1358.9348	-0.003268396	-323.39496	-0.03254314	0.014020334	0.22779998	79.0	210.37272763252258
